SYMBOL,SERIES,DATE1,PREV_CLOSE,OPEN_PRICE,HIGH_PRICE,LOW_PRICE,LAST_PRICE,CLOSE_PRICE,AVG_PRICE,TTL_TRD_QNTY,TURNOVER_LACS,NO_OF_TRADES,DELIV_QTY,DELIV_PER
20MICRONS,EQ,28-APR-2016,32.4,34.4,34.4,31.5,31.8,31.95,0,17759,579451.55,0,0,0
3IINFOTECH,EQ,28-APR-2016,4.35,4.35,4.4,4.25,4.3,4.3,0,848510,3661893.85,0,0,0
3MINDIA,EQ,28-APR-2016,13424.65,13290.4,13643,13290.4,13500,13499.1,0,1044,14102998.05,0,0,0
8KMILES,EQ,28-APR-2016,2145,2150,2199.95,2050,2092,2089.45,0,63922,137381151.75,0,0,0
A2ZINFRA,EQ,28-APR-2016,26.2,26.15,27.15,25.9,26.25,26.1,0,202801,5388706.3,0,0,0
AARTIDRUGS,EQ,28-APR-2016,470.4,469,471,466.5,467.5,468.05,0,7297,3425034.55,0,0,0
AARTIIND,EQ,28-APR-2016,526.2,528.85,537.8,523.05,535.7,535.8,0,21258,11353119.2,0,0,0
AARVEEDEN,EQ,28-APR-2016,55.25,55.5,56,54.4,55.8,55.75,0,1390,77398.2,0,0,0
ABAN,EQ,28-APR-2016,213.4,213.5,220.45,210.1,214.05,212.55,0,5100577,1103736652,0,0,0
ABB,EQ,28-APR-2016,1273.55,1265,1294.9,1256,1260.5,1273.35,0,56616,72131840.05,0,0,0
ABBOTINDIA,EQ,28-APR-2016,4675.65,4651,4724.9,4622.1,4622.1,4638.85,0,579,2699955.15,0,0,0
ABFRL,EQ,28-APR-2016,149.45,149,151,145,146,145.25,0,245237,36063466.25,0,0,0
ABGSHIP,EQ,28-APR-2016,46.65,46.7,46.7,44.75,45.05,45,0,403965,18367245.4,0,0,0
ABIRLANUVO,EQ,28-APR-2016,864.75,866,876.35,850.1,859.5,854.95,0,178210,154455380.1,0,0,0
ACC,EQ,28-APR-2016,1429.55,1422.1,1451,1408,1450,1437.85,0,805376,1152818368.4,0,0,0
ACCELYA,EQ,28-APR-2016,930,936.9,937.8,895,920,915,0,2646,2423569.3,0,0,0
ACE,EQ,28-APR-2016,39.6,39.15,39.9,38.9,39.1,39.15,0,75952,2986444.3,0,0,0
ACROPETAL,EQ,28-APR-2016,3,2.8,2.95,2.8,2.85,2.85,0,9728,28233.9,0,0,0
ADANIENT,EQ,28-APR-2016,85.75,86.2,86.45,83.5,84.1,83.85,0,8585859,727136638,0,0,0
ADANIPORTS,EQ,28-APR-2016,241.25,241.7,241.7,234.35,236.2,235.45,0,5899252,1396147535.85,0,0,0
ADANIPOWER,EQ,28-APR-2016,32.3,32.5,32.55,31.8,32.15,32.2,0,15106664,485730010.05,0,0,0
ADANITRANS,EQ,28-APR-2016,32.25,32.55,33,32.05,32.3,32.25,0,886684,28874532.25,0,0,0
ADFFOODS,EQ,28-APR-2016,90,91.8,93.2,86.6,87.25,88.75,0,357648,32479399.1,0,0,0
ADHUNIK,EQ,28-APR-2016,12.2,12.45,12.5,11.7,11.85,11.8,0,53413,638671.75,0,0,0
ADI,EQ,28-APR-2016,295.2,296,308,294,300,301.35,0,6789,2049489.25,0,0,0
ADLABS,EQ,28-APR-2016,87.4,88,88.5,85.4,86.2,86.05,0,46479,4021286.4,0,0,0
ADORWELD,EQ,28-APR-2016,303.3,308.6,308.6,296.1,298.5,298.1,0,1936,583954.65,0,0,0
ADSL,EQ,28-APR-2016,43.85,44,44.2,42.85,43.15,43.15,0,90977,3946066.2,0,0,0
ADVANIHOTR,EQ,28-APR-2016,48.2,48.2,48.2,48.2,48.2,48.2,0,204,9832.8,0,0,0
ADVANTA,EQ,28-APR-2016,517.9,518.15,525,515.15,522,521.7,0,13573,7072021.55,0,0,0
AEGISCHEM,EQ,28-APR-2016,116.95,116.8,118.35,111.8,114.8,114.25,0,659953,76213883.3,0,0,0
AFL,EQ,28-APR-2016,63.15,62,62,59,59.6,60.05,0,33131,1990196.3,0,0,0
AGARIND,EQ,28-APR-2016,137.8,138.15,148,133,134.1,134.5,0,7931,1102637.5,0,0,0
AGCNET,EQ,28-APR-2016,69.05,68.5,70.3,68.5,70,69.9,0,1164,81475.7,0,0,0
AGRODUTCH,EQ,28-APR-2016,2.75,2.8,2.8,2.65,2.8,2.8,0,1301,3548.8,0,0,0
AHLEAST,EQ,28-APR-2016,143.5,143.6,149.9,141.6,141.6,141.6,0,522,75312.6,0,0,0
AHLUCONT,EQ,28-APR-2016,290.3,288.15,296.8,281.95,282,285.55,0,12129,3487181.75,0,0,0
AHLWEST,EQ,28-APR-2016,124,122,128,121,122,122,0,801,97659,0,0,0
AIAENG,EQ,28-APR-2016,992.9,996.05,1034.8,987.8,1010,1023.8,0,27466,27896736.7,0,0,0
AIFL,EQ,28-APR-2016,260.45,262.65,262.65,255.25,257,256.2,0,11833,3064893.2,0,0,0
AIL,EQ,28-APR-2016,635.4,633.55,639,616.5,617.5,619.05,0,33258,20732545.55,0,0,0
AJANTPHARM,EQ,28-APR-2016,1532.4,1526,1564,1518.15,1553.5,1539.1,0,183751,282095095.15,0,0,0
AJMERA,EQ,28-APR-2016,165.8,167.2,173.7,167,169.25,168.35,0,294121,50140356.7,0,0,0
AKSHOPTFBR,EQ,28-APR-2016,14.55,14.7,14.7,14,14.1,14.05,0,644337,9184406.75,0,0,0
AKZOINDIA,EQ,28-APR-2016,1338.65,1310.05,1357.1,1310.05,1328,1322.7,0,27310,36751873.75,0,0,0
ALANKIT,EQ,28-APR-2016,108.55,108.5,109,107,107.05,107.15,0,417739,44931383.8,0,0,0
ALBK,EQ,28-APR-2016,59.6,59.7,60.4,58.6,58.8,58.85,0,2184611,129662112.45,0,0,0
ALCHEM,EQ,28-APR-2016,26.75,25.7,27.35,24.55,25.25,25,0,34208,877170.35,0,0,0
ALEMBICLTD,EQ,28-APR-2016,38.05,38.25,38.55,37.5,37.5,37.65,0,150270,5690418.5,0,0,0
ALICON,EQ,28-APR-2016,343.9,336,350,332.1,337.9,336.3,0,4937,1682075.95,0,0,0
ALKALI,EQ,28-APR-2016,54.35,53.75,55.75,51.65,52.75,52.8,0,22227,1185798.45,0,0,0
ALKEM,EQ,28-APR-2016,1211.45,1219.8,1219.8,1190,1198,1192.1,0,74937,89793288.05,0,0,0
ALKYLAMINE,EQ,28-APR-2016,311.5,309.25,315.75,306.1,312,315.45,0,689,215059,0,0,0
ALLCARGO,EQ,28-APR-2016,157.35,157.5,158.15,152.5,153.25,153.05,0,58702,9093436.2,0,0,0
ALLSEC,EQ,28-APR-2016,152.75,154.25,156.75,139,142.3,141.35,0,78739,11584080.15,0,0,0
ALMONDZ,EQ,28-APR-2016,12.5,12,12.3,11.4,12.3,12.3,0,11594,134589.5,0,0,0
ALOKTEXT,EQ,28-APR-2016,4.6,4.65,4.7,4.55,4.65,4.6,0,2216250,10250522.15,0,0,0
ALPA,BE,28-APR-2016,32.65,32.2,33.85,31.2,32.35,31.7,0,13088,421004.55,0,0,0
ALPHAGEO,EQ,28-APR-2016,612.7,615,628,594,612,601.7,0,13841,8504944,0,0,0
ALPSINDUS,EQ,28-APR-2016,4.95,5,5.05,4.7,4.85,4.9,0,29252,142361.5,0,0,0
ALSTOMT&D,EQ,28-APR-2016,376.05,376.1,380,374,378.6,379.05,0,26557,10045459.8,0,0,0
AMARAJABAT,EQ,28-APR-2016,941.1,947.4,957.6,933.6,936.5,938.15,0,369069,350208907.05,0,0,0
AMBIKCO,EQ,28-APR-2016,865.65,873.9,873.95,843.1,855,847.65,0,2535,2165689.05,0,0,0
AMBUJACEM,EQ,28-APR-2016,225.3,225.8,228.7,219.1,220.9,219.85,0,2041651,453442053.25,0,0,0
AMDIND,EQ,28-APR-2016,30.9,31.3,31.3,30.05,30.1,30.35,0,3086,94927.2,0,0,0
AMRUTANJAN,EQ,28-APR-2016,435.6,433.8,443.05,431.05,435.5,436.9,0,9848,4309442.55,0,0,0
AMTEKAUTO,EQ,28-APR-2016,42.65,42.65,43.25,41.1,41.8,41.45,0,2242195,94431594.2,0,0,0
AMTL,EQ,28-APR-2016,28.7,28.85,28.85,28.5,28.5,28.5,0,2450,69875.15,0,0,0
ANANDAMRUB,EQ,28-APR-2016,16,16.8,16.8,16.8,16.8,16.8,0,10,168,0,0,0
ANANTRAJ,EQ,28-APR-2016,35.75,36,39.2,35.9,37.1,37.05,0,2065421,78219602.7,0,0,0
ANDHRABANK,EQ,28-APR-2016,55.65,55.6,56.4,55.5,56,55.9,0,1408056,78846144.25,0,0,0
ANDHRACEMT,EQ,28-APR-2016,7.8,7.8,7.95,7.6,7.7,7.6,0,105186,812596.35,0,0,0
ANDHRSUGAR,EQ,28-APR-2016,139.05,138,139.65,136.1,137.4,136.5,0,24755,3420992.9,0,0,0
ANGIND,EQ,28-APR-2016,21.8,22,22.95,21.55,22.35,22.4,0,342847,7669752.5,0,0,0
ANKITMETAL,EQ,28-APR-2016,1.75,1.85,1.85,1.75,1.85,1.8,0,36926,67312.8,0,0,0
ANSALAPI,EQ,28-APR-2016,18.95,19.1,20.2,18.8,19.45,19.2,0,154168,3016949.25,0,0,0
ANSALHSG,EQ,28-APR-2016,20.75,20.85,21.5,20.85,21.2,21.15,0,23079,489854.6,0,0,0
ANTGRAPHIC,BE,28-APR-2016,1,1,1,0.95,1,1,0,25702,24628.75,0,0,0
APARINDS,EQ,28-APR-2016,479,471.05,481,471.05,480.95,480,0,3958,1900623.45,0,0,0
APCOTEXIND,EQ,28-APR-2016,277.45,285,294.85,282.25,285,283.4,0,67156,19335718.9,0,0,0
APLAPOLLO,EQ,28-APR-2016,818.15,815.05,815.35,778,790,793.8,0,26622,21243309.35,0,0,0
APLLTD,EQ,28-APR-2016,619.4,624.7,624.7,586.25,611,611.05,0,580098,349102727,0,0,0
APOLLOHOSP,EQ,28-APR-2016,1316.8,1325,1325,1295,1313,1313.15,0,409825,536272100.65,0,0,0
APOLLOTYRE,EQ,28-APR-2016,166.45,165.65,167.5,163.75,164.25,164.45,0,1590539,262844311,0,0,0
APOLSINHOT,EQ,28-APR-2016,215,215,215,215,215,215,0,125,26875,0,0,0
APTECHT,EQ,28-APR-2016,62.2,62.5,63.35,61.4,61.7,61.6,0,138090,8604631.5,0,0,0
ARCHIDPLY,EQ,28-APR-2016,49.25,49.2,50.6,48.15,48.15,48.2,0,53147,2612388.8,0,0,0
ARCHIES,EQ,28-APR-2016,25.35,25.45,25.45,24.35,24.75,24.65,0,62808,1562128.1,0,0,0
ARCOTECH,EQ,28-APR-2016,371.55,384,384,367.25,373.95,372.25,0,235682,87860826.6,0,0,0
ARIES,EQ,28-APR-2016,115.8,115.3,115.9,111.3,115.2,113.9,0,68890,7819733.9,0,0,0
ARIHANT,EQ,28-APR-2016,41,41,43.9,41,43,43,0,2750,120517.6,0,0,0
AROGRANITE,EQ,28-APR-2016,44.25,44.2,45,40.75,43,41.85,0,17463,739835.75,0,0,0
ARROWCOAT,EQ,28-APR-2016,642.1,650,650,611,611.05,616.6,0,8587,5424685.8,0,0,0
ARROWTEX,EQ,28-APR-2016,34.05,34,34.5,33.6,33.85,33.75,0,22565,767040.3,0,0,0
ARSHIYA,EQ,28-APR-2016,28.1,27.9,30.45,27.8,28.2,28.25,0,266624,7838218.4,0,0,0
ARSSINFRA,EQ,28-APR-2016,39.8,40.05,40.8,39.7,40.3,40.3,0,159598,6437162.65,0,0,0
ARVIND,EQ,28-APR-2016,291.25,291,294.25,282.6,283.6,283.95,0,1270995,367687846.75,0,0,0
ARVINFRA,EQ,28-APR-2016,90.15,94.75,94.75,87.5,88.85,88.35,0,32937,2950069.25,0,0,0
ASAHIINDIA,EQ,28-APR-2016,162.05,162,163.85,162,162.75,162.1,0,2950,478715.75,0,0,0
ASAHISONG,EQ,28-APR-2016,145.7,146.05,146.05,140.2,143.5,143.35,0,10633,1529581.25,0,0,0
ASAL,EQ,28-APR-2016,38.45,38.1,38.25,38.1,38.2,38.2,0,680,25941,0,0,0
ASHAPURMIN,EQ,28-APR-2016,74.95,75,76.4,73.55,74,74,0,131993,9904039.45,0,0,0
ASHIANA,EQ,28-APR-2016,164.7,166,173,164,165,165.2,0,27986,4660908.25,0,0,0
ASHIMASYN,EQ,28-APR-2016,11.7,11.65,11.9,11.15,11.2,11.25,0,72726,829402.6,0,0,0
ASHOKA,EQ,28-APR-2016,140.6,141.1,142.15,137,137.8,137.85,0,115793,16176573.55,0,0,0
ASHOKLEY,EQ,28-APR-2016,107.95,107.95,108.2,105.15,105.35,105.4,0,11141016,1182666907,0,0,0
ASIANHOTNR,EQ,28-APR-2016,109.05,108.55,112.1,108.55,112.1,112.1,0,310,33740.8,0,0,0
ASIANPAINT,EQ,28-APR-2016,889.85,889.85,894.5,870,879.65,873.1,0,1013142,890925641.65,0,0,0
ASIANTILES,EQ,28-APR-2016,157.3,155.1,158.8,152.15,158,157.3,0,33600,5259125.7,0,0,0
ASSAMCO,EQ,28-APR-2016,6.3,6.35,6.45,6,6.05,6.1,0,540410,3326465.1,0,0,0
ASTEC,EQ,28-APR-2016,220.5,220.5,222.25,217.1,219,218.45,0,5294,1158819.65,0,0,0
ASTRAL,EQ,28-APR-2016,440.7,436,448,435,441,441.05,0,16349,7239097.15,0,0,0
ASTRAMICRO,EQ,28-APR-2016,124.15,124,127.4,121.1,123,122.3,0,646281,80404093.2,0,0,0
ASTRAZEN,EQ,28-APR-2016,1160,1160,1170,1148,1149.7,1150.7,0,3946,4559025.75,0,0,0
ATFL,EQ,28-APR-2016,467,467,474.9,463.3,471.95,472.4,0,6871,3223067.35,0,0,0
ATLANTA,EQ,28-APR-2016,32.6,32.45,34.8,32.4,33.5,33.6,0,71664,2428590.75,0,0,0
ATLASCYCLE,EQ,28-APR-2016,218.65,218.9,224.35,212.8,219.8,219.8,0,100307,22105870.2,0,0,0
ATNINTER,EQ,28-APR-2016,0.5,0.5,0.5,0.5,0.5,0.5,0,1000,500,0,0,0
ATUL,EQ,28-APR-2016,1825.5,1840,1859,1801.25,1839,1827.9,0,51214,93989993.6,0,0,0
ATULAUTO,EQ,28-APR-2016,537.8,541.55,541.55,515.5,522.95,519.7,0,22965,12099207.95,0,0,0
AURIONPRO,EQ,28-APR-2016,145.75,151.5,151.5,144.2,148,146.35,0,6650,976582.8,0,0,0
AUROPHARMA,EQ,28-APR-2016,764.9,763.5,779.1,758.45,772.2,764.35,0,2106231,1618431828.3,0,0,0
AUSOMENT,EQ,28-APR-2016,23.55,21,23.4,21,21.55,21.6,0,553,12163.7,0,0,0
AUSTRAL,EQ,28-APR-2016,0.35,0.4,0.4,0.3,0.4,0.4,0,182810,69441.2,0,0,0
AUTOAXLES,EQ,28-APR-2016,620.95,620,621,596.6,609.9,605.7,0,1355,819691.15,0,0,0
AUTOIND,EQ,28-APR-2016,43.35,43.2,44.65,42,42.3,42.35,0,31148,1342758.9,0,0,0
AUTOLITIND,EQ,28-APR-2016,57.25,58.7,58.7,53.1,53.15,54.1,0,8902,487865.75,0,0,0
AVANTIFEED,EQ,28-APR-2016,452.5,455,455,438,441.7,441.7,0,15748,7011017.65,0,0,0
AVTNPL,EQ,28-APR-2016,33.95,34,34.4,33,33.25,33.15,0,27034,905987.1,0,0,0
AXISBANK,EQ,28-APR-2016,465.5,463,471.85,461.55,466.15,468.05,0,16457436,7684311268,0,0,0
AXISCADES,EQ,28-APR-2016,288.3,290.3,295,278,281.9,280.75,0,157116,45172472.55,0,0,0
AXISGOLD,EQ,28-APR-2016,2682,2682,2717,2677,2717,2701.7,0,120,322862.75,0,0,0
AYMSYNTEX,EQ,28-APR-2016,107.55,108.9,110,103.55,105.5,104.75,0,35114,3708512.55,0,0,0
BAFNAPHARM,EQ,28-APR-2016,32.25,32.3,32.75,31.15,31.9,31.8,0,57657,1850106.9,0,0,0
BAGFILMS,EQ,28-APR-2016,4.25,4.35,4.4,4.2,4.25,4.2,0,109790,466681.45,0,0,0
BAJAJ-AUTO,EQ,28-APR-2016,2548.25,2536.05,2568.6,2481,2482.2,2487.5,0,285060,715080341.65,0,0,0
BAJAJCORP,EQ,28-APR-2016,386.95,388.9,391,385,390,389,0,24683,9563066.8,0,0,0
BAJAJELEC,EQ,28-APR-2016,232,231.9,232,225,226,225.95,0,190289,43424010.75,0,0,0
BAJAJFINSV,EQ,28-APR-2016,1879.6,1879.4,1906,1825,1864,1842.4,0,123845,233691259.45,0,0,0
BAJAJHIND,EQ,28-APR-2016,19.7,19.5,19.7,19.1,19.3,19.3,0,1844091,35619221,0,0,0
BAJAJHLDNG,EQ,28-APR-2016,1455.8,1455,1469,1423,1437,1434.1,0,5909,8509143.3,0,0,0
BAJFINANCE,EQ,28-APR-2016,6945.65,6930,7040,6925,6965,6967.1,0,153675,1074812151.95,0,0,0
BALAJITELE,EQ,28-APR-2016,111.8,112.8,112.8,107.05,107.7,107.3,0,92754,10123692.25,0,0,0
BALAMINES,EQ,28-APR-2016,204.85,205,206.9,201.75,203,204,0,37543,7672979,0,0,0
BALKRISIND,EQ,28-APR-2016,655.15,658.95,679.6,650.75,671.8,672.8,0,17458,11666217.6,0,0,0
BALLARPUR,EQ,28-APR-2016,17.6,17.75,17.75,16.85,17.1,17,0,1019330,17460493.2,0,0,0
BALMLAWRIE,EQ,28-APR-2016,582.05,582.05,589,570,575,574.4,0,7511,4343240.4,0,0,0
BALPHARMA,EQ,28-APR-2016,98.75,98.05,100.5,95.75,97.5,96.85,0,45586,4461322.95,0,0,0
BALRAMCHIN,EQ,28-APR-2016,105.45,104.3,105.5,102.05,102.5,102.45,0,1229382,127469336.8,0,0,0
BANARBEADS,EQ,28-APR-2016,46.1,48,48,46,46,46,0,625,29550,0,0,0
BANARISUG,EQ,28-APR-2016,1880.8,1880,1890,1817,1865,1854.45,0,3281,6107149.8,0,0,0
BANCOINDIA,EQ,28-APR-2016,135.3,135,136.1,132.5,133.35,133.15,0,29083,3915891.85,0,0,0
BANG,EQ,28-APR-2016,16.95,16.65,16.65,16.65,16.65,16.65,0,300,4995,0,0,0
BANKBARODA,EQ,28-APR-2016,161.05,160.4,163.3,159.2,160.5,160.55,0,10995521,1771789286.35,0,0,0
BANKBEES,EQ,28-APR-2016,1693.63,1697.7,1708.23,1680,1681.05,1683.26,0,6449,10927180.95,0,0,0
BANKINDIA,EQ,28-APR-2016,96.8,97.3,98.2,95.6,95.85,95.85,0,3534930,341964207,0,0,0
BANSWRAS,EQ,28-APR-2016,106.5,106.5,107.25,101.1,103.9,103.75,0,4249,443379.55,0,0,0
BARTRONICS,EQ,28-APR-2016,9.35,9.25,9.4,9.15,9.3,9.25,0,22497,208761.2,0,0,0
BASF,EQ,28-APR-2016,923.45,923,923,903,911,909.1,0,11460,10433316.5,0,0,0
BASML,EQ,28-APR-2016,215.25,220,220,215,215,215,0,978,212086.95,0,0,0
BATAINDIA,EQ,28-APR-2016,564.4,563,569.8,549.25,558.5,556.25,0,347197,194615669.1,0,0,0
BAYERCROP,EQ,28-APR-2016,3894.55,3849.95,4018.6,3814,3865.05,3950.4,0,14067,55395700.3,0,0,0
BBL,EQ,28-APR-2016,1066.8,1067,1082,1020,1037.7,1032.05,0,51686,54642807.65,0,0,0
BBTC,EQ,28-APR-2016,405.4,404,423.9,403.65,406,405.6,0,51264,21184490.95,0,0,0
BEARDSELL,EQ,28-APR-2016,80,84,84,84,84,84,0,100,8400,0,0,0
BEDMUTHA,EQ,28-APR-2016,12.9,12.8,13.85,12.15,12.5,12.65,0,13039,170188.75,0,0,0
BEL,EQ,28-APR-2016,1212.6,1218,1232.5,1178.1,1190,1183.7,0,488864,588971454.05,0,0,0
BEML,EQ,28-APR-2016,939.15,943.85,948,913.8,916.95,918.95,0,261429,243405820.5,0,0,0
BEPL,EQ,28-APR-2016,19.1,19.35,19.35,18.9,19.25,19.05,0,63864,1217281.15,0,0,0
BERGEPAINT,EQ,28-APR-2016,263.25,264,265,260.5,263,263.95,0,261109,68962343.05,0,0,0
BFINVEST,EQ,28-APR-2016,122.9,122.9,124.5,119.5,119.75,119.8,0,41337,5047671.25,0,0,0
BFUTILITIE,EQ,28-APR-2016,592.8,593.5,603,581.9,585.65,584.5,0,733134,435023052.9,0,0,0
BGLOBAL,BE,28-APR-2016,5.85,5.85,6,5.7,6,6,0,2691,15639.9,0,0,0
BGRENERGY,EQ,28-APR-2016,108.1,108.3,109.8,106.05,106.95,106.55,0,99878,10775870.2,0,0,0
BHAGERIA,EQ,28-APR-2016,161.65,161.6,167,160.05,162.95,163.05,0,11692,1921287.7,0,0,0
BHAGYNAGAR,EQ,28-APR-2016,17.55,17.5,17.5,17.1,17.25,17.3,0,2723,46744.2,0,0,0
BHARATFORG,EQ,28-APR-2016,803,807.4,812.9,788.1,792.1,793,0,1357352,1081059927.75,0,0,0
BHARATGEAR,EQ,28-APR-2016,79.7,80.55,81.75,77,81.7,79.65,0,9794,774592.1,0,0,0
BHARATIDIL,EQ,28-APR-2016,26.75,26.85,26.85,25.2,26.2,25.65,0,20744,535469.5,0,0,0
BHARATRAS,EQ,28-APR-2016,1035.2,1058.4,1059.45,1020.6,1030,1029.15,0,1224,1258789.4,0,0,0
BHARATWIRE,EQ,28-APR-2016,41.5,41.1,42.1,39.7,41,40.5,0,74586,3033088.15,0,0,0
BHARTIARTL,EQ,28-APR-2016,373.05,383.45,385,370.5,371.85,372.7,0,9027610,3399311149.5,0,0,0
BHEL,EQ,28-APR-2016,127.75,127.8,128.65,123.8,125.2,125,0,7587794,950746074.1,0,0,0
BHUSANSTL,EQ,28-APR-2016,41.65,41.8,42.5,40.7,41.25,41.1,0,289959,12012126.4,0,0,0
BIL,EQ,28-APR-2016,500.1,501,529,493,519.05,520.8,0,12926,6625115.65,0,0,0
BILENERGY,EQ,28-APR-2016,0.95,0.95,1,0.9,1,1,0,49200,46792.5,0,0,0
BILPOWER,EQ,28-APR-2016,0.8,0.85,0.85,0.8,0.8,0.8,0,9200,7365,0,0,0
BINANIIND,EQ,28-APR-2016,67.8,68.35,68.85,67,67.4,67.15,0,14264,966344.85,0,0,0
BINDALAGRO,EQ,28-APR-2016,25.55,25.55,25.9,25,25.1,25.15,0,47661,1204727,0,0,0
BIOCON,EQ,28-APR-2016,571.9,573.9,577.8,569.6,575.5,575.65,0,1110092,637277552.25,0,0,0
BIRLACORPN,EQ,28-APR-2016,395.65,387.05,394.9,387,388.05,389.45,0,2777,1086833,0,0,0
BIRLACOT,EQ,28-APR-2016,0.05,0.05,0.05,0.05,0.05,0.05,0,260949,13047.45,0,0,0
BIRLAERIC,BE,28-APR-2016,35.3,35.5,35.5,34,34,34.05,0,4139,142921,0,0,0
BIRLAMONEY,EQ,28-APR-2016,22.3,22.3,22.8,22.15,22.3,22.25,0,10690,239224.05,0,0,0
BLISSGVS,EQ,28-APR-2016,110,110,121.9,108.1,117.35,117.25,0,1375164,162030621.7,0,0,0
BLKASHYAP,EQ,28-APR-2016,14.2,14.25,14.6,14.15,14.2,14.35,0,51589,738772.4,0,0,0
BLUEBLENDS,EQ,28-APR-2016,89.5,90.7,90.7,87.1,89.5,89.1,0,19793,1772888.6,0,0,0
BLUECHIP,BE,28-APR-2016,0.55,0.55,0.6,0.5,0.5,0.5,0,2300,1183.3,0,0,0
BLUECOAST,EQ,28-APR-2016,96.35,101.15,101.15,101.05,101.05,101.05,0,12,1213.65,0,0,0
BLUEDART,EQ,28-APR-2016,5877.3,5933.4,5940,5700,5725,5729.65,0,6170,35660759.1,0,0,0
BLUEDART,N1,28-APR-2016,10.24,9.31,11.7,9.31,10.25,10.25,0,481,5233.65,0,0,0
BLUEDART,N3,28-APR-2016,10.24,10.24,10.24,10.24,10.24,10.24,0,30,307.2,0,0,0
BLUESTARCO,EQ,28-APR-2016,433.9,435.7,435.7,421.1,423.9,423.6,0,28822,12305435.25,0,0,0
BLUESTINFO,EQ,28-APR-2016,290.15,289.05,289.05,282,282,284.85,0,11809,3370560.15,0,0,0
BODALCHEM,EQ,28-APR-2016,91.5,92.1,92.1,88.55,89.85,89.35,0,781065,70182261.5,0,0,0
BOMDYEING,EQ,28-APR-2016,50.35,50.4,51.5,49.6,49.85,49.9,0,614655,31213966.8,0,0,0
BOSCHLTD,EQ,28-APR-2016,20227.4,20150,20330,19847.2,19999.7,19948.9,0,13957,280308012.95,0,0,0
BPCL,EQ,28-APR-2016,982.35,982,989.25,958.4,965.75,962.75,0,1201964,1168231747,0,0,0
BPL,EQ,28-APR-2016,29.75,29.7,31.4,29.7,30,29.85,0,73924,2231136.3,0,0,0
BRFL,EQ,28-APR-2016,138.45,138,141.9,134.9,139.9,138,0,15966,2200382.55,0,0,0
BRIGADE,EQ,28-APR-2016,155.05,155.2,159,145,151.1,150.5,0,73333,11312128.35,0,0,0
BRITANNIA,EQ,28-APR-2016,2861.4,2875,2918,2812,2827.55,2825.55,0,404375,1157122649,0,0,0
BROADCAST,EQ,28-APR-2016,3.45,3.6,3.6,3.6,3.6,3.6,0,50,180,0,0,0
BROOKS,EQ,28-APR-2016,81.6,82.9,82.9,80.5,80.8,80.85,0,37844,3088902.3,0,0,0
BSELINFRA,EQ,28-APR-2016,3.4,3.4,3.45,3.4,3.4,3.4,0,125725,427971.45,0,0,0
BSL,EQ,28-APR-2016,64.1,65,68,62.35,64,64.05,0,7463,485272.65,0,0,0
BSLGOLDETF,EQ,28-APR-2016,2765,2843.95,2843.95,2765,2818,2818,0,6,16851.9,0,0,0
BSLIMITED,EQ,28-APR-2016,11.2,11.75,11.75,11.75,11.75,11.75,0,32781,385176.75,0,0,0
BSLNIFTY,EQ,28-APR-2016,88.61,91,91,90,90,90,0,121,10955.44,0,0,0
BURNPUR,EQ,28-APR-2016,9.85,9.8,9.85,9.5,9.6,9.55,0,232192,2236145.05,0,0,0
BUTTERFLY,EQ,28-APR-2016,177.45,180.4,180.85,175.05,179.5,177.8,0,5429,961434.35,0,0,0
BVCL,EQ,28-APR-2016,17,16.8,16.85,16.1,16.45,16.5,0,6752,111508.3,0,0,0
BYKE,EQ,28-APR-2016,160.15,160.05,160.25,156.5,157.25,157.1,0,108372,17138428.5,0,0,0
CADILAHC,EQ,28-APR-2016,326.85,327.15,329.5,323.85,327.3,327.1,0,330118,107956366,0,0,0
CAIRN,EQ,28-APR-2016,147.15,147.1,147.45,141.75,143.4,142.95,0,6134679,883267517.95,0,0,0
CALSOFT,EQ,28-APR-2016,9.5,9.95,9.95,9.95,9.95,9.95,0,2972,29571.4,0,0,0
CAMLINFINE,EQ,28-APR-2016,101.55,102,102.4,99,99.35,99.65,0,86367,8704500.95,0,0,0
CANBK,EQ,28-APR-2016,211.9,212.9,214.8,208.45,209.7,209.7,0,2814372,596637084,0,0,0
CANDC,EQ,28-APR-2016,10.75,11,11,10.25,10.85,10.75,0,39517,428673.95,0,0,0
CANFINHOME,EQ,28-APR-2016,1226.1,1233.3,1251.15,1136.6,1182,1184.2,0,67748,82226111.05,0,0,0
CANTABIL,EQ,28-APR-2016,77.8,77.75,79,75.2,79,78.4,0,3725,285635.6,0,0,0
CAPF,EQ,28-APR-2016,435.3,437.05,440,426.3,432.5,430.3,0,78356,33956436.35,0,0,0
CAPLIPOINT,EQ,28-APR-2016,994.15,1000.05,1003,975,989.6,979.35,0,4571,4525454.3,0,0,0
CARBORUNIV,EQ,28-APR-2016,194.35,193.8,196.5,190.3,192.5,192.5,0,16328,3167247.15,0,0,0
CAREERP,EQ,28-APR-2016,117.95,119.8,119.8,115.65,117.4,116.85,0,11247,1325420.8,0,0,0
CARERATING,EQ,28-APR-2016,1064.35,1064.05,1080,1028,1030,1033.55,0,22067,23089102.5,0,0,0
CASTEXTECH,EQ,28-APR-2016,6.45,6.75,6.75,6.75,6.75,6.75,0,773430,5220652.5,0,0,0
CASTROLIND,EQ,28-APR-2016,389.6,388.6,392.9,386.1,388.5,389.35,0,322886,125918793.15,0,0,0
CCCL,EQ,28-APR-2016,3.85,3.8,3.85,3.75,3.8,3.8,0,46697,177719.8,0,0,0
CCHHL,EQ,28-APR-2016,11.8,12.3,12.3,11.6,11.9,11.9,0,48954,583430.9,0,0,0
CCL,EQ,28-APR-2016,195.05,195.45,196.5,191.55,195.1,194.65,0,96683,18833808.25,0,0,0
CEATLTD,EQ,28-APR-2016,1121.6,1105.25,1186.85,1102.35,1160,1173.6,0,1559765,1795148037.95,0,0,0
CEBBCO,EQ,28-APR-2016,18.25,18.5,18.95,18.15,18.4,18.2,0,18773,345963.2,0,0,0
CELEBRITY,EQ,28-APR-2016,9,9,9.15,9,9,9,0,6305,56845.45,0,0,0
CELESTIAL,EQ,28-APR-2016,25.95,26.4,26.5,25.45,25.9,25.75,0,25505,659450.8,0,0,0
CENTENKA,EQ,28-APR-2016,197.9,195.1,199.75,195.1,197.5,197.35,0,34200,6739023.85,0,0,0
CENTEXT,EQ,28-APR-2016,1.9,1.95,1.95,1.85,1.9,1.9,0,24577,46675.4,0,0,0
CENTRALBK,EQ,28-APR-2016,83.25,82.9,82.95,81.5,81.5,82.7,0,496366,40865466,0,0,0
CENTUM,EQ,28-APR-2016,592.95,581.05,597.1,575,575.1,580.8,0,2015,1174111.4,0,0,0
CENTURYPLY,EQ,28-APR-2016,183.25,184.5,184.8,180.5,182,181.8,0,46398,8453355.55,0,0,0
CENTURYTEX,EQ,28-APR-2016,629.35,624.4,633.4,620.4,623.6,622.65,0,1039843,651148438,0,0,0
CERA,EQ,28-APR-2016,1793.75,1800,1808,1786.95,1793,1791.85,0,2178,3907365.5,0,0,0
CEREBRAINT,EQ,28-APR-2016,21.6,21.9,21.9,20.6,21,20.9,0,407677,8761537.7,0,0,0
CESC,EQ,28-APR-2016,553.3,553.3,557,528.75,529.5,534.65,0,936693,506802915.05,0,0,0
CGCL,EQ,28-APR-2016,129.1,128.3,146,128.3,139,139.4,0,11935,1672267.25,0,0,0
CHAMBLFERT,EQ,28-APR-2016,61.9,61.9,62.1,60.65,62,61.7,0,310128,19058888.15,0,0,0
CHEMFALKAL,EQ,28-APR-2016,80.65,82.8,82.8,80.1,80.1,80.65,0,481,38971.75,0,0,0
CHENNPETRO,EQ,28-APR-2016,224.85,224.3,225.9,217.65,219.5,218.8,0,500125,110745564.85,0,0,0
CHOLAFIN,EQ,28-APR-2016,796.2,803.4,803.4,792.05,800,796.45,0,10876,8667599.5,0,0,0
CHROMATIC,EQ,28-APR-2016,3.85,3.9,4,3.75,3.85,3.85,0,1158610,4496435.2,0,0,0
CIGNITITEC,EQ,28-APR-2016,464.55,464.9,466,452,453,454.2,0,48401,22300355.9,0,0,0
CIMMCO,EQ,28-APR-2016,72.4,72.2,73,71.2,71.8,71.5,0,7728,555555.55,0,0,0
CINELINE,EQ,28-APR-2016,28,28.9,28.9,26.95,27.4,27.2,0,18336,512669.7,0,0,0
CINEVISTA,EQ,28-APR-2016,3.85,3.65,3.7,3.6,3.6,3.6,0,2361,8592.6,0,0,0
CIPLA,EQ,28-APR-2016,540.2,538.9,543.75,525,530.1,528.25,0,3088525,1643026386.4,0,0,0
CLNINDIA,EQ,28-APR-2016,672.85,675,680,665,665.75,666,0,3658,2453232.3,0,0,0
CNOVAPETRO,EQ,28-APR-2016,33.8,33,35,33,35,35,0,60,2000,0,0,0
COALINDIA,EQ,28-APR-2016,290.9,291.55,293.65,283.65,285.1,285.05,0,5733507,1649023783.05,0,0,0
COFFEEDAY,EQ,28-APR-2016,270.8,272.5,273.5,255.3,262,261.95,0,359970,94950178.05,0,0,0
COLPAL,EQ,28-APR-2016,855.55,860,867.35,843,845.05,847.5,0,575969,491735300.85,0,0,0
COMPUSOFT,EQ,28-APR-2016,9.7,10.2,10.2,9.7,10.1,9.9,0,4206,41591.15,0,0,0
CONCOR,EQ,28-APR-2016,1346.7,1346.95,1346.95,1310,1331,1320.85,0,329282,437436279.25,0,0,0
CONSOFINVT,EQ,28-APR-2016,65.4,66.8,66.9,65,66.2,66.2,0,3974,262413.5,0,0,0
CORDSCABLE,EQ,28-APR-2016,50.15,48.15,51,48.15,50.5,49.7,0,7764,389046.1,0,0,0
COROMANDEL,EQ,28-APR-2016,228.1,229.6,232,214.6,222,221.9,0,142933,32053132.45,0,0,0
CORPBANK,EQ,28-APR-2016,39.6,39.75,40.25,38.7,38.85,39,0,263015,10380979.65,0,0,0
COSMOFILMS,EQ,28-APR-2016,384.6,384.95,391.8,378.7,381.5,380.85,0,186404,71876366.3,0,0,0
COUNCODOS,EQ,28-APR-2016,3.9,4.1,4.1,3.9,3.9,3.9,0,5330,20828,0,0,0
COX&KINGS,EQ,28-APR-2016,189.75,189.9,190.95,186,187.05,186.6,0,126498,23764817.35,0,0,0
CPSEETF,EQ,28-APR-2016,20.49,20.5,20.63,20.02,20.14,20.09,0,515889,10471831.02,0,0,0
CREATIVEYE,EQ,28-APR-2016,3.4,3.55,3.55,3.3,3.55,3.55,0,304,1003.9,0,0,0
CREST,EQ,28-APR-2016,44.75,47.5,47.5,44,44.1,44.1,0,1120,50924.05,0,0,0
CRISIL,EQ,28-APR-2016,1989.95,1977,1997,1959.5,1983.7,1976.25,0,7093,14079365.35,0,0,0
CROMPGREAV,EQ,28-APR-2016,59.2,59.3,59.95,57.7,58.25,57.95,0,3392420,198989477.7,0,0,0
CTE,EQ,28-APR-2016,98.25,97,100,96.3,96.3,96.3,0,9750,946686.1,0,0,0
CUB,EQ,28-APR-2016,95.35,94.95,95.5,93.8,94,94.2,0,170682,16129294.5,0,0,0
CUMMINSIND,EQ,28-APR-2016,888.55,892.9,900.8,855.8,870,868.75,0,162437,142793362.25,0,0,0
CYBERMEDIA,EQ,28-APR-2016,7.4,7,8,7,7.9,7.9,0,3509,27493.5,0,0,0
CYBERTECH,EQ,28-APR-2016,44.85,44.95,47,44.95,45,45.15,0,6403,289642.35,0,0,0
CYIENT,EQ,28-APR-2016,459.55,463,463,456.75,461.75,461.95,0,32373,14919777.1,0,0,0
DAAWAT,EQ,28-APR-2016,232.75,233,234.9,228.5,231.5,231.65,0,5483,1272911.7,0,0,0
DABUR,EQ,28-APR-2016,272.5,275,275,262.8,269.75,269.65,0,4787975,1285938209.05,0,0,0
DALMIABHA,EQ,28-APR-2016,864.55,866.55,875,849.95,860.3,861.05,0,14125,12240160.6,0,0,0
DALMIASUG,EQ,28-APR-2016,97.35,97,97.75,94.65,94.75,95.15,0,136153,13053956.05,0,0,0
DATAMATICS,EQ,28-APR-2016,52.75,52.6,53.25,52.2,52.8,52.4,0,10132,534095.2,0,0,0
DBCORP,EQ,28-APR-2016,329.8,335,335,329,330,330.15,0,2605,861953.85,0,0,0
DBREALTY,EQ,28-APR-2016,46.75,48,53.2,48,50.05,50.1,0,2344120,119905436.3,0,0,0
DBSTOCKBRO,EQ,28-APR-2016,19.8,19.8,19.95,19.75,19.9,19.9,0,3308,65578.85,0,0,0
DCBBANK,EQ,28-APR-2016,95.45,95.6,96.8,94.25,95,95.05,0,819180,78134412.85,0,0,0
DCM,EQ,28-APR-2016,103.85,99.4,104.8,99.4,100.7,102.75,0,102623,10562940.6,0,0,0
DCMSHRIRAM,EQ,28-APR-2016,161.9,162.35,162.8,156.35,159,157.9,0,52255,8340263.7,0,0,0
DCW,EQ,28-APR-2016,27.55,28,29.35,27.55,28.1,28.1,0,2547886,72516194.05,0,0,0
DECCANCE,EQ,28-APR-2016,685.45,688,691.85,661.25,672,668.65,0,5785,3915417.9,0,0,0
DEEPAKFERT,EQ,28-APR-2016,152.75,153.9,154.5,151,151.8,151.9,0,37931,5788152.5,0,0,0
DEEPAKNTR,EQ,28-APR-2016,70.15,70.8,70.8,69.4,69.5,69.6,0,30068,2104072.85,0,0,0
DEEPIND,EQ,28-APR-2016,168.75,168,173.6,165.05,168.4,167.15,0,521902,88915530.85,0,0,0
DELTACORP,EQ,28-APR-2016,85.45,85.7,86.95,83.8,84,84,0,1061828,90577208.25,0,0,0
DEN,EQ,28-APR-2016,89.75,90.4,90.9,87,88.05,87.9,0,89678,7980457,0,0,0
DENABANK,EQ,28-APR-2016,30.45,30.5,30.55,30.05,30.2,30.1,0,272665,8254980.7,0,0,0
DENORA,EQ,28-APR-2016,361.55,365.05,365.05,345,351,349.8,0,10662,3753450.1,0,0,0
DHAMPURSUG,EQ,28-APR-2016,86.05,86,86.9,83.4,83.4,83.6,0,314603,26603976.3,0,0,0
DHANBANK,EQ,28-APR-2016,19.95,19.9,20.05,19.6,19.65,19.65,0,231388,4578998.85,0,0,0
DHANUKA,EQ,28-APR-2016,607.7,605.9,619,602.25,607.5,613.3,0,10991,6698638.9,0,0,0
DHARSUGAR,EQ,28-APR-2016,28.2,28,28.4,27.25,27.8,27.75,0,12644,347782.15,0,0,0
DHFL,EQ,28-APR-2016,205.4,205.05,205.9,199,199.75,199.75,0,1318784,265738741.55,0,0,0
DHUNINV,EQ,28-APR-2016,141.7,143,143.9,141.5,142,142,0,309,44058.8,0,0,0
DIAPOWER,EQ,28-APR-2016,37.35,36.7,41.05,35.1,41.05,41.05,0,2804774,113353359.1,0,0,0
DICIND,EQ,28-APR-2016,603.75,604.45,610,585,590,593.4,0,4709,2844616.55,0,0,0
DISHMAN,EQ,28-APR-2016,345.5,348.8,351.8,340,344.7,343.05,0,412260,142997927.85,0,0,0
DISHTV,EQ,28-APR-2016,90.9,90.2,92,89.25,89.9,89.85,0,4837980,436777105.35,0,0,0
DIVISLAB,EQ,28-APR-2016,1042.25,1042.65,1058.75,1036.2,1052.5,1050.15,0,323697,339090564.7,0,0,0
DLF,EQ,28-APR-2016,123.3,123.8,128.85,122.1,125.95,125.5,0,18810331,2376517667.65,0,0,0
DLINKINDIA,EQ,28-APR-2016,132,132,132,126.2,127.8,127.15,0,78328,10062660.3,0,0,0
DOLPHINOFF,EQ,28-APR-2016,101.45,101.9,104.4,96.3,96.95,96.85,0,541303,54727043.95,0,0,0
DONEAR,EQ,28-APR-2016,27.15,26.75,27.75,26.1,26.4,26.5,0,63673,1717900.35,0,0,0
DPL,EQ,28-APR-2016,86.9,86.6,87.75,83.95,84,85.1,0,11690,1000586.45,0,0,0
DPSCLTD,EQ,28-APR-2016,17.3,17.25,17.45,16.1,17,16.75,0,12759,216746.8,0,0,0
DQE,EQ,28-APR-2016,23.8,23.9,24.6,22.9,23.2,23.05,0,116554,2765261.8,0,0,0
DREDGECORP,EQ,28-APR-2016,398.95,402.45,405,390,391.2,391.3,0,20630,8182961.45,0,0,0
DRREDDY,EQ,28-APR-2016,3130.75,3129.9,3144,3071.6,3071.95,3083.35,0,328312,1019534668.1,0,0,0
DSKULKARNI,EQ,28-APR-2016,76.65,76.15,80.65,75.1,75.7,75.9,0,83215,6513698,0,0,0
DSSL,EQ,28-APR-2016,13,13.15,13.15,13.15,13.15,13.15,0,40,526,0,0,0
DTIL,EQ,28-APR-2016,309.8,314.55,314.55,300,300,301.7,0,7195,2182961.35,0,0,0
DWARKESH,EQ,28-APR-2016,192.65,193.9,194.2,184.05,186.05,185.9,0,88552,16682380.65,0,0,0
DYNAMATECH,EQ,28-APR-2016,2177.55,2198,2245,2155,2200,2170.4,0,1181,2594898.65,0,0,0
DYNATECH,EQ,28-APR-2016,15.9,16,16,15.5,15.6,15.55,0,35870,563732.15,0,0,0
EASTSILK,EQ,28-APR-2016,2.45,2.5,2.5,2.4,2.4,2.4,0,15833,39358.55,0,0,0
EASUNREYRL,EQ,28-APR-2016,36.05,36.1,36.85,35.6,36.85,36.45,0,19036,689900.1,0,0,0
ECEIND,EQ,28-APR-2016,168.95,165,170.9,165,169,168.05,0,1766,298790.1,0,0,0
ECLERX,EQ,28-APR-2016,1319.2,1315.6,1329.95,1286,1290,1291.5,0,14954,19388775.7,0,0,0
ECLFINANCE,N1,28-APR-2016,1019.62,1020.7,1029,1020.7,1029,1029,0,4,4100.3,0,0,0
ECLFINANCE,N2,28-APR-2016,1319.99,1293,1300,1293,1300,1300,0,17,22093,0,0,0
ECLFINANCE,N5,28-APR-2016,1094.6,1100,1100,1092.19,1092.19,1092.19,0,300,329219,0,0,0
EDELWEISS,EQ,28-APR-2016,58,57.75,58.65,57.75,58,58,0,154308,8964993.4,0,0,0
EDL,EQ,28-APR-2016,56.2,56.45,57.25,55.9,56,56.15,0,15677,883975.95,0,0,0
EDUCOMP,EQ,28-APR-2016,11.8,11.9,11.95,11.65,11.7,11.7,0,279550,3289005.6,0,0,0
EICHERMOT,EQ,28-APR-2016,20114.3,20199,20373.4,20070,20250,20292.95,0,45921,928891850.95,0,0,0
EIDPARRY,EQ,28-APR-2016,230.7,230.4,230.85,221.6,223.45,223.8,0,352324,80343666.45,0,0,0
EIHAHOTELS,EQ,28-APR-2016,297.2,302,304,295.55,304,302.8,0,839,253964.45,0,0,0
EIHOTEL,EQ,28-APR-2016,104.85,105.25,106,102.55,102.75,103,0,187068,19553469.55,0,0,0
EIMCOELECO,BE,28-APR-2016,369.65,365,368.95,351.2,351.2,351.2,0,1940,686924.55,0,0,0
EKC,EQ,28-APR-2016,16.95,17.2,17.2,16.35,16.4,16.55,0,92196,1537126.35,0,0,0
ELAND,BE,28-APR-2016,32.95,33,34.2,31.75,32,31.9,0,23622,776332.4,0,0,0
ELECON,EQ,28-APR-2016,66.15,64.75,64.75,62.1,62.6,62.4,0,397908,25117665.8,0,0,0
ELECTCAST,EQ,28-APR-2016,19.45,19.35,19.55,18.85,19,19,0,236857,4556835.1,0,0,0
ELECTHERM,EQ,28-APR-2016,76.85,73.3,78,73,73.05,73.15,0,7712,578090.3,0,0,0
ELGIEQUIP,EQ,28-APR-2016,161.6,161.45,163.75,158,159,159.25,0,46784,7497941.25,0,0,0
ELGIRUBCO,EQ,28-APR-2016,31.3,31.9,33.8,31.35,31.8,31.55,0,161499,5245370.05,0,0,0
EMAMIINFRA,EQ,28-APR-2016,38.5,39,39.2,37.1,37.1,37.9,0,2012,77652.95,0,0,0
EMAMILTD,EQ,28-APR-2016,1007.4,1007.4,1020,992,1002.9,998.7,0,44326,44604647.3,0,0,0
EMCO,EQ,28-APR-2016,27.8,28.2,28.75,27.5,27.5,27.55,0,56039,1575179.65,0,0,0
EMKAY,EQ,28-APR-2016,54.2,57.6,57.6,54,54,54,0,885,49330.3,0,0,0
EMMBI,EQ,28-APR-2016,71.55,71.15,72.1,70.15,70.15,70.25,0,25737,1820444.5,0,0,0
ENERGYDEV,EQ,28-APR-2016,71.7,71.85,73.9,69.3,70,70.95,0,174812,12658628.15,0,0,0
ENGINERSIN,EQ,28-APR-2016,184.7,184.8,187,179.2,180,180.75,0,1004834,183404949.2,0,0,0
ENIL,EQ,28-APR-2016,713.3,706.05,723.95,705,717,716.5,0,2088,1489363.5,0,0,0
ENTEGRA,BE,28-APR-2016,2.8,2.8,2.8,2.8,2.8,2.8,0,980,2744,0,0,0
EON,EQ,28-APR-2016,66.5,64.8,69.75,64.8,69.3,69,0,35937,2459475.65,0,0,0
EQUITAS,EQ,28-APR-2016,141.85,141.75,142.8,138.3,139,138.8,0,5001100,702360497.2,0,0,0
EROSMEDIA,EQ,28-APR-2016,187.6,188,188.95,182.3,183,183.35,0,223328,41274685.5,0,0,0
ESABINDIA,EQ,28-APR-2016,589.95,581.1,609,561,595,602.85,0,3629,2148993.85,0,0,0
ESCORTS,EQ,28-APR-2016,172.05,171.9,174.35,169.15,171.4,170.4,0,821697,141677218,0,0,0
ESL,EQ,28-APR-2016,3.45,3.45,3.45,3.3,3.35,3.35,0,658458,2211907.15,0,0,0
ESSARSHPNG,EQ,28-APR-2016,25.3,25.9,25.9,25,25.15,25.15,0,14915,377868.75,0,0,0
ESSDEE,EQ,28-APR-2016,95,95.85,98.75,93.3,93.35,93.55,0,83429,7870795.95,0,0,0
ESSELPACK,EQ,28-APR-2016,184,183.8,186.45,181,183,182.1,0,47970,8809925.4,0,0,0
ESTER,EQ,28-APR-2016,63.1,63.05,64.3,61.4,61.6,62.05,0,73102,4571773.25,0,0,0
EUROCERA,EQ,28-APR-2016,4.25,4.25,4.3,4.05,4.15,4.15,0,46976,197504.45,0,0,0
EUROTEXIND,EQ,28-APR-2016,26.1,27,27,25.05,25.05,26,0,1507,39677.45,0,0,0
EVEREADY,EQ,28-APR-2016,248.55,250.5,253,248.9,249.75,250.5,0,86433,21668974.95,0,0,0
EVERESTIND,EQ,28-APR-2016,275.75,275.75,278,270.55,275,273.1,0,5553,1532944.75,0,0,0
EVERONN,EQ,28-APR-2016,20.65,20.65,21.05,20.4,20.6,20.55,0,66695,1378567.55,0,0,0
EXCEL,EQ,28-APR-2016,40.2,40.5,41,38.7,38.7,39.05,0,10900,432010.3,0,0,0
EXCELCROP,EQ,28-APR-2016,1160.9,1160.1,1165,1150.05,1164,1158.4,0,2902,3360635.6,0,0,0
EXCELINDUS,EQ,28-APR-2016,270.6,272.55,273.85,269.05,271,270.95,0,34610,9377484.9,0,0,0
EXIDEIND,EQ,28-APR-2016,149.5,152,153.4,146.25,147.15,146.85,0,5822220,871607942.8,0,0,0
FACT,EQ,28-APR-2016,25.05,24.9,25,23.95,24.2,24.15,0,70401,1718581.35,0,0,0
FAGBEARING,EQ,28-APR-2016,4084.75,4137.75,4137.75,3870,3950,3953.95,0,17722,69735415.65,0,0,0
FARMAXIND,EQ,28-APR-2016,0.2,0.2,0.2,0.15,0.2,0.2,0,551476,103285,0,0,0
FCEL,EQ,28-APR-2016,22.95,23,23.05,22,22.15,22.15,0,2219693,50046407.25,0,0,0
FCL,EQ,28-APR-2016,32.6,32.85,33.3,31.75,32.35,32.1,0,153474,4981325.65,0,0,0
FCSSOFT,EQ,28-APR-2016,0.35,0.4,0.4,0.35,0.4,0.4,0,383168,139224.8,0,0,0
FDC,EQ,28-APR-2016,179.85,178.25,181.75,175,176.05,176,0,26525,4709678.2,0,0,0
FEDDERLOYD,EQ,28-APR-2016,83.65,84.3,84.3,80.6,81.2,81.05,0,73568,6030964.8,0,0,0
FEDERALBNK,EQ,28-APR-2016,48,48.2,48.5,46.2,46.35,46.4,0,15181075,712760528,0,0,0
FIEMIND,EQ,28-APR-2016,823.2,823,825,802.2,804.3,806.9,0,19090,15570633.75,0,0,0
FILATEX,EQ,28-APR-2016,56.25,56.7,63.4,55.15,60.5,60.35,0,1074694,65364647.7,0,0,0
FINANTECH,EQ,28-APR-2016,88.7,89.3,89.3,86.4,86.65,86.7,0,142909,12525768.25,0,0,0
FINCABLES,EQ,28-APR-2016,280.25,280.25,291,279.55,286.65,287.45,0,446614,127557073,0,0,0
FINPIPE,EQ,28-APR-2016,361.25,366.9,366.9,354.85,358.5,357.3,0,34475,12330643.75,0,0,0
FIRSTWIN,EQ,28-APR-2016,2.35,2.25,2.25,2.25,2.25,2.25,0,7780,17505,0,0,0
FLEXITUFF,EQ,28-APR-2016,194.9,195,196,193.5,195,195,0,30245,5888023.7,0,0,0
FLFL,EQ,28-APR-2016,89.6,90.05,93.8,86.4,88.65,90.55,0,165455,14961844.3,0,0,0
FMGOETZE,EQ,28-APR-2016,320,320,328,311,323,323.55,0,418,134453.45,0,0,0
FMNL,EQ,28-APR-2016,25.6,26.4,26.4,24.35,25.4,25.25,0,7526,193820.85,0,0,0
FORTIS,EQ,28-APR-2016,177.9,178.1,181.2,177.05,178.5,178.9,0,249584,44713921.6,0,0,0
FOSECOIND,EQ,28-APR-2016,1347.55,1374.9,1422,1374.9,1415,1402.15,0,6381,8923934.2,0,0,0
FOURTHDIM,SM,28-APR-2016,74.25,73.75,76.8,73.75,76.8,76.75,0,12000,909200,0,0,0
FRL,EQ,28-APR-2016,145.6,146.55,146.9,141,141.9,141.85,0,273842,39257484.65,0,0,0
FRLDVR,EQ,28-APR-2016,126.6,126.95,126.95,123.15,123.15,123.3,0,902,112312.35,0,0,0
FSL,EQ,28-APR-2016,40.7,40.7,41.35,39.5,39.95,39.7,0,2167156,87033102.4,0,0,0
GABRIEL,EQ,28-APR-2016,92.95,93.9,93.9,90.1,90.6,90.5,0,90905,8302382.6,0,0,0
GAEL,EQ,28-APR-2016,56.9,56,56,50.4,53.5,52.85,0,797084,42152202.9,0,0,0
GAIL,EQ,28-APR-2016,373.2,375.5,376.7,361.6,362.7,363.2,0,2245854,826372242.45,0,0,0
GAL,EQ,28-APR-2016,45.1,45.9,46.5,44.15,44.3,44.4,0,29855,1338958.6,0,0,0
GALLANTT,EQ,28-APR-2016,29.75,29.95,29.95,29,29.5,29.4,0,3247,95425.95,0,0,0
GALLISPAT,EQ,28-APR-2016,603.25,603.1,603.7,595.95,597.1,598.1,0,24102,14488003,0,0,0
GAMMNINFRA,EQ,28-APR-2016,4.75,4.75,4.9,4.6,4.85,4.8,0,672316,3182787.15,0,0,0
GAMMONIND,EQ,28-APR-2016,12.25,12.25,12.4,12.1,12.15,12.15,0,157981,1936283.5,0,0,0
GANDHITUBE,EQ,28-APR-2016,209,208.1,208.1,207.1,207.1,207.1,0,100,20745,0,0,0
GANECOS,EQ,28-APR-2016,167.85,167.95,169,165.5,167,166.55,0,12866,2154590.35,0,0,0
GANESHHOUC,EQ,28-APR-2016,112.95,113.55,119.65,112.05,114.5,113.85,0,11756,1350558,0,0,0
GARDENSILK,EQ,28-APR-2016,24.7,24.9,24.9,24.05,24.1,24.1,0,5116,124312.25,0,0,0
GARWALLROP,EQ,28-APR-2016,363.05,360,362.85,351.25,351.5,355.15,0,25351,9069416.65,0,0,0
GATI,EQ,28-APR-2016,118.65,122,123.5,119,119.4,119.55,0,1476773,178714625.4,0,0,0
GAYAPROJ,EQ,28-APR-2016,583.15,589.5,589.95,576.05,579,577.25,0,7020,4085232.35,0,0,0
GDL,EQ,28-APR-2016,299.8,297.15,297.15,268.9,274.05,281.6,0,531476,150461252.65,0,0,0
GEECEE,EQ,28-APR-2016,134.8,133.15,136.9,129,130,130.15,0,13434,1765922.6,0,0,0
GEINDSYS,BE,28-APR-2016,8.1,8,8,8,8,8,0,600,4800,0,0,0
GEMINI,BE,28-APR-2016,2.65,2.7,2.75,2.7,2.75,2.75,0,21051,57590.25,0,0,0
GENESYS,EQ,28-APR-2016,52.85,51.1,52,51.1,52,52,0,403,20898.75,0,0,0
GENUSPAPER,EQ,28-APR-2016,4.6,4.6,4.7,4.5,4.55,4.5,0,47006,215655.9,0,0,0
GENUSPOWER,EQ,28-APR-2016,57.25,56.7,57.65,55.1,55.3,55.3,0,215963,12137416.25,0,0,0
GEOJITBNPP,EQ,28-APR-2016,36.25,36.1,36.4,35.5,36.25,36.1,0,101661,3665573.8,0,0,0
GEOMETRIC,EQ,28-APR-2016,230.15,229,229,221.05,221.5,221.9,0,325642,72846283.2,0,0,0
GESHIP,EQ,28-APR-2016,333.95,334.3,335.95,327.5,328,328.55,0,27971,9244604.5,0,0,0
GHCL,EQ,28-APR-2016,135.1,134.25,135.7,130.05,131.6,130.9,0,114509,15217164.95,0,0,0
GICHSGFIN,EQ,28-APR-2016,259.9,260,267.9,260,263,262.15,0,146195,38666967.05,0,0,0
GILLANDERS,EQ,28-APR-2016,66,66,67.5,66,67.2,66.9,0,1805,121113.1,0,0,0
GILLETTE,EQ,28-APR-2016,4265.55,4270.15,4295,4210.05,4210.05,4248.85,0,4955,21081865.3,0,0,0
GINNIFILA,EQ,28-APR-2016,24.15,24.15,25.25,23.5,24,23.85,0,199334,4852883.55,0,0,0
GIPCL,EQ,28-APR-2016,82.3,82.3,82.8,80.55,80.9,80.85,0,26589,2164019.8,0,0,0
GIRRESORTS,IT,28-APR-2016,227.6,234.25,235,234.25,0.0,235,0,15000,3518250,0,0,0
GITANJALI,EQ,28-APR-2016,38.35,37.75,38.95,37.25,37.85,37.5,0,188178,7144810.55,0,0,0
GKWLIMITED,EQ,28-APR-2016,615,596.55,690,596.5,648.9,630.75,0,3602,2370052.05,0,0,0
GLAXO,EQ,28-APR-2016,3768.9,3764.35,3793,3720,3738.95,3746.7,0,5557,20946860.75,0,0,0
GLENMARK,EQ,28-APR-2016,826.65,826.95,831.6,814.35,819.25,818,0,375116,307941260.3,0,0,0
GLOBALVECT,EQ,28-APR-2016,88.5,90.9,90.9,85,85.65,85.95,0,6734,579932.55,0,0,0
GLOBOFFS,EQ,28-APR-2016,181.25,183.3,184.9,176,176.95,176.65,0,49763,9009312.55,0,0,0
GLOBUSSPR,EQ,28-APR-2016,60.65,61.1,61.1,59.05,59.05,59.25,0,38130,2280363.3,0,0,0
GMBREW,EQ,28-APR-2016,774.85,778.9,784,760,765.5,764.85,0,34440,26575505.8,0,0,0
GMDCLTD,EQ,28-APR-2016,72.5,72.65,72.65,70.05,70.35,70.2,0,180437,12836189.6,0,0,0
GMRINFRA,EQ,28-APR-2016,12.45,12.45,12.45,11.9,12.1,12,0,15948079,193069548.45,0,0,0
GNFC,EQ,28-APR-2016,95.6,96.05,101.4,94.75,95.6,95.8,0,1210822,118874879.55,0,0,0
GOACARBON,EQ,28-APR-2016,87.1,87.25,89.9,84.3,84.9,85.05,0,180179,15773846.85,0,0,0
GOCLCORP,EQ,28-APR-2016,144.8,148,149,143.25,144.05,144.5,0,249013,35987369.5,0,0,0
GODFRYPHLP,EQ,28-APR-2016,943.15,949.95,957,879,915,909.45,0,703364,638906019.9,0,0,0
GODREJCP,EQ,28-APR-2016,1368.6,1372.1,1372.1,1322.3,1340,1332.3,0,431832,579404910,0,0,0
GODREJIND,EQ,28-APR-2016,355.65,356.65,358.1,345.7,350.3,348,0,520133,182505477.15,0,0,0
GODREJPROP,EQ,28-APR-2016,330.1,334.2,343.9,331,334,334.7,0,699162,237742060.6,0,0,0
GOENKA,BZ,28-APR-2016,1.4,1.45,1.45,1.35,1.35,1.35,0,42975,60718.75,0,0,0
GOKEX,EQ,28-APR-2016,76.7,76.5,76.9,73,73.7,73.45,0,85777,6372907.55,0,0,0
GOKUL,EQ,28-APR-2016,13.5,13.8,14,13.5,13.5,13.5,0,4203,57666,0,0,0
GOKULAGRO,EQ,28-APR-2016,11,11,11,11,11,11,0,101,1111,0,0,0
GOLDBEES,EQ,28-APR-2016,2661.7,2660,2692,2660,2692,2687.5,0,17869,47898499.15,0,0,0
GOLDENTOBC,EQ,28-APR-2016,41.3,40.4,41.85,40.4,40.8,40.85,0,5963,243766.15,0,0,0
GOLDIAM,EQ,28-APR-2016,50.6,50.5,50.65,48.5,48.5,48.85,0,7535,374886.9,0,0,0
GOLDINFRA,EQ,28-APR-2016,18,17.9,18.45,17.2,18,18,0,38033,686141.8,0,0,0
GOLDSHARE,EQ,28-APR-2016,2656.15,2650,2679.8,2647,2663.1,2673.65,0,2833,7549678,0,0,0
GOODLUCK,EQ,28-APR-2016,98.9,100,100,97.1,97.15,97.75,0,8845,866505.7,0,0,0
GPIL,EQ,28-APR-2016,69.7,70.4,70.4,68,68.05,68.3,0,25276,1748018.4,0,0,0
GPPL,EQ,28-APR-2016,169.5,171.4,171.4,167.85,169.05,168.75,0,68860,11669470.7,0,0,0
GRANULES,EQ,28-APR-2016,132.7,135,135.8,130.1,134.3,133.15,0,2112825,283232124,0,0,0
GRAPHITE,EQ,28-APR-2016,78.65,78.9,79.45,77.1,77.45,77.4,0,17801,1389193.7,0,0,0
GRASIM,EQ,28-APR-2016,4131.4,4120,4135,4085,4125,4117.7,0,74105,304422869.8,0,0,0
GRAVITA,EQ,28-APR-2016,25.35,25.1,25.85,24.75,24.9,24.85,0,17182,431585.85,0,0,0
GREAVESCOT,EQ,28-APR-2016,136,136.5,137.15,133.05,134.25,135.1,0,86242,11650478.8,0,0,0
GREENFIRE,EQ,28-APR-2016,1.75,1.75,1.75,1.6,1.6,1.65,0,25125,40922.25,0,0,0
GREENLAM,EQ,28-APR-2016,590.7,594.95,595,585.35,594,593.45,0,353,208968.7,0,0,0
GREENPLY,EQ,28-APR-2016,213,213.05,214.4,207.1,210,209.25,0,40355,8464952.6,0,0,0
GREENPOWER,EQ,28-APR-2016,11.95,11.85,12.25,11.7,11.85,11.85,0,194982,2336346.6,0,0,0
GRINDWELL,EQ,28-APR-2016,649,664.95,664.95,646,647,648.8,0,2084,1354150.9,0,0,0
GRPLTD,EQ,28-APR-2016,1076.9,1088.5,1100,1050,1090,1070.4,0,832,905232.45,0,0,0
GRUH,EQ,28-APR-2016,259.95,260,264.5,258.15,260,259.8,0,104411,27290156.65,0,0,0
GSCLCEMENT,EQ,28-APR-2016,28.95,29.35,29.75,27.85,27.85,28.05,0,80035,2281450.2,0,0,0
GSFC,EQ,28-APR-2016,75.35,75.5,76.45,73.7,74.2,74,0,523057,39200779.85,0,0,0
GSKCONS,EQ,28-APR-2016,6016.45,6005.45,6034.75,5940.05,5949,5982.6,0,7986,47789549.55,0,0,0
GSPL,EQ,28-APR-2016,138.45,139.5,140.7,136.05,137.1,136.9,0,846162,118223102.5,0,0,0
GSS,EQ,28-APR-2016,27.1,26.05,27,25.2,25.2,25.55,0,1649,42940.45,0,0,0
GTL,EQ,28-APR-2016,12.4,12.2,12.55,12.2,12.25,12.25,0,33869,419427.05,0,0,0
GTLINFRA,EQ,28-APR-2016,2.2,2.25,2.25,2.15,2.2,2.2,0,475560,1034700.1,0,0,0
GTNIND,EQ,28-APR-2016,10.65,10.8,10.85,10.8,10.85,10.85,0,645,6996.75,0,0,0
GTNTEX,EQ,28-APR-2016,10.45,10,10.1,10,10,10,0,108,1082.5,0,0,0
GTOFFSHORE,EQ,28-APR-2016,48.9,48.35,50.15,46.3,47.5,46.9,0,189822,9260864.3,0,0,0
GUFICBIO,EQ,28-APR-2016,39.9,39.4,40.85,39.1,39.7,39.4,0,20663,826068.8,0,0,0
GUJALKALI,EQ,28-APR-2016,181.2,181.2,184.6,179.2,180,180,0,17820,3233856.75,0,0,0
GUJAPOLLO,EQ,28-APR-2016,122.5,122.25,122.25,122.25,122.25,122.25,0,119,14547.75,0,0,0
GUJFLUORO,EQ,28-APR-2016,569.3,569.4,572.9,545.25,560,558.15,0,32496,18094285.1,0,0,0
GUJGASLTD,EQ,28-APR-2016,534.9,539.5,539.5,531.05,535.05,535.2,0,15608,8352943.3,0,0,0
GUJNRECOKE,EQ,28-APR-2016,3.25,3.25,3.45,3.2,3.3,3.25,0,1946097,6472151.35,0,0,0
GUJNREDVR,EQ,28-APR-2016,2,2,2.2,2,2.1,2.1,0,61571,131093,0,0,0
GULFOILLUB,EQ,28-APR-2016,529.05,539.9,545,525,532.95,531.4,0,10235,5489149.1,0,0,0
GULFPETRO,EQ,28-APR-2016,58.75,58.6,59.2,57.1,57.9,57.75,0,37628,2187014.15,0,0,0
GULPOLY,EQ,28-APR-2016,353.9,351.25,356,350,350,350.35,0,1567,551940.9,0,0,0
GVKPIL,EQ,28-APR-2016,6.75,6.75,6.85,6.7,6.8,6.75,0,795971,5382803.4,0,0,0
HANUNG,EQ,28-APR-2016,8.1,8.05,8.05,7.8,7.9,7.9,0,7063,56099,0,0,0
HARITASEAT,EQ,28-APR-2016,511.05,510.6,519,504.4,511.4,506.5,0,1769,902260.25,0,0,0
HARRMALAYA,EQ,28-APR-2016,69.9,70,70.6,66.3,67.8,67.3,0,110040,7529269.85,0,0,0
HATHWAY,EQ,28-APR-2016,36.05,36.5,37.3,35.55,36.45,36.6,0,745036,27099345.9,0,0,0
HATSUN,EQ,28-APR-2016,451.3,453,454,450,454,451.35,0,1700,766697.35,0,0,0
HAVELLS,EQ,28-APR-2016,344.2,345,346.6,333.05,341,337.25,0,2546537,863083619.95,0,0,0
HBLPOWER,EQ,28-APR-2016,35.45,35.55,35.8,35,35.1,35.25,0,132591,4689050.2,0,0,0
HBSTOCK,EQ,28-APR-2016,7.6,7.65,8.1,7.6,8.1,8.1,0,400,3141.95,0,0,0
HCC,EQ,28-APR-2016,22.45,22.5,22.75,21.8,22,22,0,4990847,111391809.2,0,0,0
HCG,EQ,28-APR-2016,184,182.1,186.8,182.1,185.7,184.6,0,154547,28605964.8,0,0,0
HCIL,EQ,28-APR-2016,18,18.25,18.25,17.85,18,17.9,0,353302,6351921.15,0,0,0
HCL-INSYS,EQ,28-APR-2016,44.65,44.5,45.1,42.65,42.9,42.85,0,1606583,70288096,0,0,0
HCLTECH,EQ,28-APR-2016,837.55,805,823,796.65,799.3,799.9,0,8921956,7198886132.1,0,0,0
HDFC,EQ,28-APR-2016,1121.5,1121,1126.4,1082.05,1086.55,1085.55,0,5791623,6348695235.9,0,0,0
HDFC,W2,28-APR-2016,134,137,137,132,132,133.15,0,109500,14636500,0,0,0
HDFCBANK,EQ,28-APR-2016,1124.2,1124.2,1136.7,1110.35,1112.55,1113.95,0,2022396,2272366495.75,0,0,0
HDFCMFGETF,EQ,28-APR-2016,2727.75,2730,2761,2730,2754,2754.9,0,1835,5044879.2,0,0,0
HDFCNIFETF,EQ,28-APR-2016,794.7,802.35,802.35,802.35,802.35,802.35,0,2,1604.7,0,0,0
HDFCSENETF,EQ,28-APR-2016,2594,2675,2675,2575,2575,2575,0,2,5250,0,0,0
HDIL,EQ,28-APR-2016,82.9,83.7,88.25,83.5,86.35,86.05,0,29526606,2558887790.85,0,0,0
HECPROJECT,SM,28-APR-2016,99.25,99,101,99,99.5,99.5,0,7200,717000,0,0,0
HEG,EQ,28-APR-2016,169.55,169.7,170.4,162,163.8,163.3,0,11180,1859654.55,0,0,0
HEIDELBERG,EQ,28-APR-2016,95.15,95.2,96.9,93.2,94.85,94.15,0,169700,16119280,0,0,0
HERCULES,EQ,28-APR-2016,163,163,167.7,160.1,161,160.8,0,36792,5999013,0,0,0
HERITGFOOD,EQ,28-APR-2016,511.65,520,520,505.05,514,512.55,0,12626,6447896.8,0,0,0
HEROMOTOCO,EQ,28-APR-2016,2949.9,2952.8,2952.8,2887.35,2895.05,2899.65,0,599466,1746402711.35,0,0,0
HESTERBIO,EQ,28-APR-2016,535.7,540,540,525.25,533.1,533.75,0,1489,788979.05,0,0,0
HEXATRADEX,EQ,28-APR-2016,15.15,14.7,15.9,14.7,14.75,14.75,0,1239,18734.5,0,0,0
HEXAWARE,EQ,28-APR-2016,244.1,244,248.5,242.2,244.8,244.35,0,1290653,316361622.5,0,0,0
HFCL,EQ,28-APR-2016,19.1,19.1,19.1,17.95,18.3,18.1,0,4024840,74333027.1,0,0,0
HGS,EQ,28-APR-2016,408.05,403.6,410.65,403.5,408,408.4,0,1862,760219.35,0,0,0
HIKAL,EQ,28-APR-2016,143.4,144.45,149.1,141.5,144,143.75,0,86155,12584613.8,0,0,0
HIL,EQ,28-APR-2016,568.9,563.15,571.9,551,551.75,554.65,0,1956,1094053.6,0,0,0
HILTON,EQ,28-APR-2016,17.05,19.7,19.7,17,17.2,17.2,0,5441,101424.7,0,0,0
HIMATSEIDE,EQ,28-APR-2016,225.2,223.95,226.9,222.3,226,224.5,0,228322,51120162.6,0,0,0
HINDALCO,EQ,28-APR-2016,101.75,101.8,102.45,96.5,96.8,96.9,0,19093454,1885220702.7,0,0,0
HINDCOMPOS,EQ,28-APR-2016,922.75,930,930.95,895,900,900.05,0,516,470673.3,0,0,0
HINDCOPPER,EQ,28-APR-2016,55.55,55.85,55.95,54.2,54.65,54.55,0,83477,4583594.05,0,0,0
HINDDORROL,EQ,28-APR-2016,10.2,10.25,10.45,10.1,10.15,10.15,0,55969,570848.35,0,0,0
HINDMOTORS,EQ,28-APR-2016,5.25,5.35,5.4,5.2,5.25,5.25,0,82556,436399.45,0,0,0
HINDNATGLS,EQ,28-APR-2016,80,80,83.9,77,77,77,0,826,65296.7,0,0,0
HINDOILEXP,EQ,28-APR-2016,37.75,38.05,38.15,36.25,36.8,36.65,0,1106292,41024532.3,0,0,0
HINDPETRO,EQ,28-APR-2016,858.05,855,863.6,828.65,834,831.35,0,903243,758818988.55,0,0,0
HINDSYNTEX,EQ,28-APR-2016,23.95,25.1,25.1,24.5,25.1,25.1,0,4815,120725.5,0,0,0
HINDUJAFO,EQ,28-APR-2016,33.4,33.95,33.95,33.15,33.2,33.2,0,1579,52492.4,0,0,0
HINDUJAVEN,EQ,28-APR-2016,442.05,430.05,443.95,429,443.8,440.75,0,2972,1309402.2,0,0,0
HINDUNILVR,EQ,28-APR-2016,892.2,893.2,896.8,871,875.3,876.25,0,2715410,2387004046.75,0,0,0
HINDZINC,EQ,28-APR-2016,172.9,172.75,173.65,169.3,169.9,172.1,0,3523337,607854924.65,0,0,0
HIRECT,EQ,28-APR-2016,66.4,65.75,68,65.4,65.6,66.4,0,3267,217239,0,0,0
HITACHIHOM,EQ,28-APR-2016,1375.4,1387.6,1412,1360.55,1375.8,1372.1,0,33960,46983931.9,0,0,0
HITECH,SM,28-APR-2016,89,86.5,90.5,86.5,90.5,90.5,0,6000,531000,0,0,0
HITECHGEAR,EQ,28-APR-2016,264.25,262.15,267,262,264.25,264.5,0,2319,614512.3,0,0,0
HITECHPLAS,EQ,28-APR-2016,164.95,165.95,165.95,162.95,163,163.1,0,12849,2114219.45,0,0,0
HMT,EQ,28-APR-2016,48.4,48.45,48.45,45.85,46.05,46.2,0,189672,8944257.4,0,0,0
HMVL,EQ,28-APR-2016,257.25,261,262.8,255,256.8,256.05,0,112532,28987631.05,0,0,0
HNGSNGBEES,EQ,28-APR-2016,2120,2040,2110,2040,2050,2087.5,0,32,65730,0,0,0
HOCL,EQ,28-APR-2016,17.4,17.3,17.45,16.5,16.75,16.7,0,62853,1063659.3,0,0,0
HONAUT,EQ,28-APR-2016,9523.85,9500,9525,9210,9210,9243.15,0,343,3196384.8,0,0,0
HONDAPOWER,EQ,28-APR-2016,1337.15,1349,1360,1293,1305,1299.2,0,4441,5883852.1,0,0,0
HOTELEELA,EQ,28-APR-2016,18.35,18.55,18.55,17.95,17.95,18,0,90436,1642773.15,0,0,0
HOTELRUGBY,EQ,28-APR-2016,5.05,4.9,4.9,4.9,4.9,4.9,0,700,3430,0,0,0
HOVS,EQ,28-APR-2016,79.3,78.1,80,78.05,78.25,79.3,0,1728,136371.35,0,0,0
HSIL,EQ,28-APR-2016,300,299.8,304.5,294.4,298.75,297.9,0,33065,9907647.6,0,0,0
HTMEDIA,EQ,28-APR-2016,90.35,89.7,91.1,88.15,90.25,90.35,0,114810,10318036.8,0,0,0
HUBTOWN,EQ,28-APR-2016,106.45,108,109.9,103.7,106,105,0,4859,519319.35,0,0,0
IBREALEST,EQ,28-APR-2016,56.85,57.3,64.1,57.25,63.9,63.5,0,54055748,3360498475.3,0,0,0
IBULHSGFIN,EQ,28-APR-2016,702.85,704.95,709.35,685.25,689.1,697.1,0,2685900,1874841209.95,0,0,0
IBVENTURES,EQ,28-APR-2016,16.6,16.6,17.5,16.45,17.2,17.25,0,1394071,23866922.55,0,0,0
IBWSL,EQ,28-APR-2016,15.25,15.5,15.5,14.75,14.8,14.8,0,103821,1563502.1,0,0,0
ICICIBANK,EQ,28-APR-2016,244.6,245.4,248,239,240,240.1,0,37624098,9101873929.2,0,0,0
ICIL,EQ,28-APR-2016,1048.65,1046.05,1056,1032.35,1055,1050.25,0,40350,42316470.75,0,0,0
ICNX100,EQ,28-APR-2016,84.11,84.15,88.98,82.55,83.02,83.01,0,3082,262518.69,0,0,0
ICRA,EQ,28-APR-2016,3967.8,3921,4132.45,3908.05,4080,4061.8,0,7539,30377894.6,0,0,0
ICSA,EQ,28-APR-2016,2.5,2.6,2.6,2.45,2.5,2.5,0,15442,39494.1,0,0,0
IDBI,EQ,28-APR-2016,70.9,71.2,71.5,69.35,69.75,69.65,0,4633579,324766234.05,0,0,0
IDBIGOLD,EQ,28-APR-2016,2745,2768.95,2768.95,2723,2723,2723,0,46,125561.05,0,0,0
IDEA,EQ,28-APR-2016,125,125.05,128.35,125.05,126.45,126.5,0,8621945,1091486724.2,0,0,0
IDFC,EQ,28-APR-2016,46.45,46,46.45,42.9,43.8,43.4,0,16036954,702606419.5,0,0,0
IDFCBANK,EQ,28-APR-2016,49.85,50.1,50.1,46.8,47.6,47.4,0,10868257,515869348.75,0,0,0
IDFCBANK,N1,28-APR-2016,5020.01,5000,5020.01,5000,5020.01,5020.01,0,33,165080.04,0,0,0
IDFCBANK,N2,28-APR-2016,7206.01,7206,7250,7150.05,7250,7249.99,0,38,273424.83,0,0,0
IDFCBANK,N3,28-APR-2016,4800,4718.88,4718.88,4718.88,4718.88,4718.88,0,4,18875.52,0,0,0
IDFCBANK,N5,28-APR-2016,4875,4850,4850,4850,4850,4850,0,2,9700,0,0,0
IDFCBANK,N6,28-APR-2016,6955,6855.75,7000,6855.75,6999.99,6999.99,0,19,132030.97,0,0,0
IFBAGRO,EQ,28-APR-2016,407.25,401,414.5,401,405.05,405.05,0,1530,621199.45,0,0,0
IFBIND,EQ,28-APR-2016,360.15,369,369,345.6,350.15,351.5,0,14501,5100225.65,0,0,0
IFCI,EQ,28-APR-2016,26,26,26.15,25.25,25.4,25.4,0,8720929,223833832.6,0,0,0
IFCI,NF,28-APR-2016,1080,1053,1053,1050,1050,1050,0,355,372910,0,0,0
IFCI,NK,28-APR-2016,1079,1080,1080,1080,1080,1080,0,80,86400,0,0,0
IFCI,NL,28-APR-2016,1021,1025,1025,1025,1025,1025,0,30,30750,0,0,0
IFGLREFRAC,EQ,28-APR-2016,105,104,105,101.65,103,103.05,0,10929,1128188.45,0,0,0
IGARASHI,EQ,28-APR-2016,604.15,610,622.4,606.1,610,609.4,0,83608,51480803.15,0,0,0
IGL,EQ,28-APR-2016,572,570.8,575.5,569.85,574.25,572,0,420932,241373232.85,0,0,0
IGOLD,EQ,28-APR-2016,2750.9,2760,2769,2750,2769,2768.8,0,89,245775,0,0,0
IGPL,EQ,28-APR-2016,126.8,128,129.4,125,125.5,125.75,0,16467,2081210.65,0,0,0
IIFL,EQ,28-APR-2016,220,219.1,224,215.05,215.75,217.45,0,22401,4917175.9,0,0,0
IIFLFIN,N4,28-APR-2016,1016.35,1016.6,1016.6,1013.86,1014.95,1014.95,0,2081,2112297.31,0,0,0
IIFLFIN,N5,28-APR-2016,1082,1082,1083.98,1067,1081,1081,0,454,488508.9,0,0,0
IIFLFIN,N6,28-APR-2016,1067.5,1067,1067,1067,1067,1067,0,315,336105,0,0,0
IIFLFIN,N8,28-APR-2016,1010.88,1012.99,1013.86,1010.9,1010.9,1012.36,0,1680,1699736.9,0,0,0
IIFLFIN,N9,28-APR-2016,1019.3,1028.95,1028.95,1019.55,1028.8,1028.82,0,160,163230.55,0,0,0
IIFLFIN,NA,28-APR-2016,1060.74,1062.11,1070,1060.01,1070,1070,0,297,315653.44,0,0,0
IIHFL,N1,28-APR-2016,1049.99,1050,1050.89,1045,1046.01,1046,0,2184,2284950.8,0,0,0
IIHFL,N2,28-APR-2016,1086.48,1083.25,1088.9,1083.25,1088,1087.44,0,545,592068.1,0,0,0
IL&FSENGG,EQ,28-APR-2016,46.85,46.65,47.8,46.25,47,46.7,0,23895,1123518.85,0,0,0
IL&FSTRANS,EQ,28-APR-2016,76,76.35,76.9,75.5,76,75.85,0,145658,11089313.65,0,0,0
IMFA,EQ,28-APR-2016,139.65,139.65,141.9,135.25,136.5,135.5,0,9907,1369725,0,0,0
IMPAL,EQ,28-APR-2016,670,674,674,671,671,671,0,80,53749.7,0,0,0
IMPEXFERRO,EQ,28-APR-2016,1.3,1.3,1.3,1.25,1.3,1.3,0,3797,4870.6,0,0,0
INDBANK,EQ,28-APR-2016,7.45,7.35,7.5,7.35,7.5,7.45,0,13200,97945.8,0,0,0
INDHOTEL,EQ,28-APR-2016,105.05,105,105.95,104.8,105.7,105.55,0,216358,22755009.5,0,0,0
INDIACEM,EQ,28-APR-2016,89,88.9,90,86.05,87.1,86.65,0,3978842,349115204.9,0,0,0
INDIAGLYCO,EQ,28-APR-2016,88.45,89,90.5,87.5,87.5,87.9,0,39367,3500462.95,0,0,0
INDIANB,EQ,28-APR-2016,100.1,100.8,100.8,98.75,98.85,98.9,0,69631,6922583.15,0,0,0
INDIANCARD,EQ,28-APR-2016,233.6,230.05,238.85,225.55,229,229,0,1467,338904.85,0,0,0
INDIANHUME,EQ,28-APR-2016,344.6,349,356,345,350,350.15,0,5221,1827976.4,0,0,0
INDIGO,EQ,28-APR-2016,1047.7,1051,1069,1051,1068,1063.9,0,793589,841825175.05,0,0,0
INDLMETER,EQ,28-APR-2016,111.25,116,116,105.2,106,107.4,0,3699,406821.4,0,0,0
INDNIPPON,EQ,28-APR-2016,402.5,416.15,432.45,411,413,412.7,0,25497,10753066,0,0,0
INDOCO,EQ,28-APR-2016,272.35,275.5,278.5,271,274,272.2,0,11768,3237674.05,0,0,0
INDORAMA,EQ,28-APR-2016,32.4,32.35,32.95,31.45,31.9,31.55,0,73109,2356278.05,0,0,0
INDOSOLAR,EQ,28-APR-2016,8.1,8.1,8.35,8.1,8.1,8.15,0,294089,2412832.15,0,0,0
INDOTECH,EQ,28-APR-2016,204.85,205,207.4,196.2,200,198.95,0,21969,4397613.75,0,0,0
INDOTHAI,EQ,28-APR-2016,25.05,27,27,23.9,24.55,24.55,0,5407,135840.25,0,0,0
INDOWIND,BE,28-APR-2016,3.65,3.8,3.8,3.6,3.7,3.7,0,9122,33832.5,0,0,0
INDRAMEDCO,EQ,28-APR-2016,55.15,55.3,56.35,54.8,55.45,55.15,0,46539,2579518.25,0,0,0
INDSWFTLAB,EQ,28-APR-2016,42.25,42,43.65,42,42.55,42.55,0,81632,3507643.35,0,0,0
INDSWFTLTD,BE,28-APR-2016,4.85,4.75,4.95,4.75,4.95,4.95,0,2426,11869.15,0,0,0
INDTERRAIN,EQ,28-APR-2016,130.75,130.7,132,127.4,132,130.25,0,18716,2436311.35,0,0,0
INDUSINDBK,EQ,28-APR-2016,1040,1039.7,1048.6,1029,1038.45,1035,0,1892339,1961347102.4,0,0,0
INEOSSTYRO,EQ,28-APR-2016,618,619.95,628.8,606,610.5,609.85,0,2930,1801661.2,0,0,0
INFIBEAM,EQ,28-APR-2016,515.25,516,527.3,505,508.8,508.25,0,576548,300057000.95,0,0,0
INFINITE,EQ,28-APR-2016,216.05,216,220,214,214.2,215.15,0,19604,4255327.95,0,0,0
INFOMEDIA,EQ,28-APR-2016,4.1,4.2,4.2,4.1,4.1,4.1,0,11146,46311.4,0,0,0
INFRABEES,EQ,28-APR-2016,273.68,273.68,274.58,269.5,269.5,269.86,0,1921,523392.72,0,0,0
INFRATEL,EQ,28-APR-2016,375.7,376.1,380.9,370,371.9,370.9,0,4845442,1810089061.35,0,0,0
INFY,EQ,28-APR-2016,1240.15,1231,1239.6,1207,1210,1209.15,0,6082584,7381519426.4,0,0,0
INGERRAND,EQ,28-APR-2016,689.2,699.7,699.7,670.1,684.1,689,0,17264,11877453.65,0,0,0
INIFTY,EQ,28-APR-2016,83.51,81.83,82.75,81.4,81.4,81.4,0,903,73872.1,0,0,0
INOXLEISUR,EQ,28-APR-2016,212,215.8,218,205.55,207.8,208.15,0,354999,75547613.6,0,0,0
INOXWIND,EQ,28-APR-2016,269.75,271.1,282.8,268.1,269.65,269.45,0,519482,142775588.4,0,0,0
INSECTICID,EQ,28-APR-2016,432.1,432.1,433.5,415,418.9,417.05,0,14273,5997027.8,0,0,0
INTELLECT,EQ,28-APR-2016,231.35,231.4,237.7,226.55,228.5,229,0,797655,186363541.2,0,0,0
INVENTURE,BL,28-APR-2016,14,14,14,14,14,14,0,2000000,28000000,0,0,0
INVENTURE,EQ,28-APR-2016,14,14.05,14.05,13.5,13.5,13.5,0,850,11680.35,0,0,0
IOB,EQ,28-APR-2016,31.6,31.6,32.7,30.85,32.15,31.25,0,11188513,351864525.3,0,0,0
IOC,EQ,28-APR-2016,437.15,435.6,437.8,421.65,424.35,424,0,1152524,491889913.25,0,0,0
IOLCP,EQ,28-APR-2016,91.6,92,93.25,91,93,92.75,0,71268,6593722,0,0,0
IPAPPM,EQ,28-APR-2016,289.2,289,289,286,286.1,286.45,0,23573,6765906.3,0,0,0
IPCALAB,EQ,28-APR-2016,496,500,503,490.05,491.6,492.35,0,129304,64181852.2,0,0,0
IRB,EQ,28-APR-2016,215.75,216.9,217.55,211.65,212.7,212.6,0,1199600,257326847.6,0,0,0
IREDA,N4,28-APR-2016,1241,1075,1100,1075,1100,1100,0,20,21750,0,0,0
IREDA,N5,28-APR-2016,1140,1140,1140,1140,1140,1140,0,30,34200,0,0,0
IRFC,N1,28-APR-2016,1140,1135,1145,1135,1145,1145,0,195,222978.3,0,0,0
IRFC,N2,28-APR-2016,1141,1135,1141,1135,1137,1137,0,2964,3381282.6,0,0,0
IRFC,N5,28-APR-2016,1006.8,1006,1006,1006,1006,1006,0,10,10060,0,0,0
IRFC,N9,28-APR-2016,1103.49,1105,1105,1105,1105,1105,0,4,4420,0,0,0
IRFC,NA,28-APR-2016,1145,1150,1150,1150,1150,1150,0,100,115000,0,0,0
IRFC,NE,28-APR-2016,1184.13,1172.11,1172.11,1172.11,1172.11,1172.11,0,50,58605.5,0,0,0
IRFC,NJ,28-APR-2016,1060,1057.6,1060,1057.6,1060,1060,0,200,211760,0,0,0
IRFC,NO,28-APR-2016,1048.11,1048.75,1049,1047.5,1049,1048.52,0,7489,7853212.92,0,0,0
ISENSEX,EQ,28-APR-2016,265.64,271.68,271.68,264.51,264.51,264.51,0,501,136104.51,0,0,0
ISFT,EQ,28-APR-2016,459.15,450.05,464.8,443,446,445.65,0,22422,10148254.45,0,0,0
ISMTLTD,EQ,28-APR-2016,8.25,8.1,8.3,8,8.15,8.2,0,34551,282465.95,0,0,0
ITC,EQ,28-APR-2016,333.55,330,332,321.55,324,322.9,0,12983331,4227683692.2,0,0,0
ITDCEM,EQ,28-APR-2016,125.25,125.25,125.5,121.8,122.9,122.6,0,63474,7850988.6,0,0,0
ITI,EQ,28-APR-2016,27.2,26.75,26.9,25.7,26.25,25.95,0,153726,4048299.2,0,0,0
IVC,EQ,28-APR-2016,17.4,17.4,18.2,17.4,18.1,17.9,0,764727,13789320.4,0,0,0
IVP,EQ,28-APR-2016,94.2,95,95.9,90.75,91.05,91.05,0,3975,367125.55,0,0,0
IVRCLINFRA,EQ,28-APR-2016,5.1,5.1,5.15,4.95,5.05,5,0,971414,4883077.25,0,0,0
IZMO,EQ,28-APR-2016,53.25,53.05,55.9,52,53.85,53.45,0,72641,3920225.65,0,0,0
J&KBANK,EQ,28-APR-2016,68.55,68.9,73.75,68.9,70.2,69.9,0,4808754,343694041.55,0,0,0
JAGRAN,EQ,28-APR-2016,163,163.65,166.9,162.1,163,163.35,0,175394,28883161.55,0,0,0
JAGSNPHARM,EQ,28-APR-2016,35.35,35.5,36.5,34.65,34.8,35.05,0,19407,688963.3,0,0,0
JAIBALAJI,EQ,28-APR-2016,7.35,7.1,7.5,7,7.3,7.2,0,18202,132563.15,0,0,0
JAICORPLTD,EQ,28-APR-2016,69.6,69.75,71.75,68.35,68.9,68.85,0,934661,65535982.25,0,0,0
JAIHINDPRO,EQ,28-APR-2016,6.7,6.55,7.05,6.55,7.05,7.05,0,5756,40069.5,0,0,0
JAINSTUDIO,BE,28-APR-2016,4.05,3.9,4.25,3.85,4.25,4.25,0,230,899.75,0,0,0
JAMNAAUTO,EQ,28-APR-2016,141.7,142.9,144,139.2,140,139.9,0,204118,28885747.8,0,0,0
JAYAGROGN,EQ,28-APR-2016,140.15,139.55,139.55,133,133.5,135.8,0,4661,633968.05,0,0,0
JAYBARMARU,EQ,28-APR-2016,158.55,155,158.9,153.6,155,154.6,0,13226,2053607.6,0,0,0
JAYNECOIND,EQ,28-APR-2016,8.2,8.4,8.65,8.2,8.3,8.3,0,28064,236456.65,0,0,0
JAYSREETEA,EQ,28-APR-2016,91.15,90.55,91.35,88.75,89.75,89.3,0,97304,8747378,0,0,0
JBCHEPHARM,EQ,28-APR-2016,251.25,252,254.65,245.75,246,246.9,0,43352,10799610.3,0,0,0
JBFIND,EQ,28-APR-2016,211.9,212,213.75,206.5,211.7,209.8,0,50164,10558089.25,0,0,0
JBMA,EQ,28-APR-2016,157.5,154.6,158,154,156,154.8,0,5638,877872.55,0,0,0
JCTEL,EQ,28-APR-2016,0.35,0.35,0.35,0.3,0.3,0.3,0,109668,37225.55,0,0,0
JENSONICOL,EQ,28-APR-2016,7.75,7.75,7.95,7.65,7.8,7.8,0,33142,256889.9,0,0,0
JETAIRWAYS,EQ,28-APR-2016,637.45,637.35,644.45,624.1,630.5,628.15,0,2313163,1469907236,0,0,0
JHS,EQ,28-APR-2016,30.55,30.6,32.05,30.6,32.05,32.05,0,117935,3734975.85,0,0,0
JINDALPHOT,EQ,28-APR-2016,188.6,185,210,185,195,194.15,0,86150,17327129.6,0,0,0
JINDALPOLY,EQ,28-APR-2016,509,509,521,501,508.4,504.9,0,145281,74753158.45,0,0,0
JINDALSAW,EQ,28-APR-2016,44.8,45.05,46.35,44.45,44.7,44.65,0,1215675,55225571.9,0,0,0
JINDALSTEL,EQ,28-APR-2016,76.8,75.95,77.5,74.3,74.75,74.7,0,11366161,857370021.9,0,0,0
JINDCOT,EQ,28-APR-2016,9.15,9.1,9.1,8.8,8.8,8.85,0,36389,326642.9,0,0,0
JINDRILL,EQ,28-APR-2016,161,168.4,189.9,167.35,179,178.7,0,1181491,213658785.4,0,0,0
JINDWORLD,EQ,28-APR-2016,153.4,153.9,153.9,145.1,145.1,148.7,0,1070,158411,0,0,0
JISLDVREQS,EQ,28-APR-2016,40.35,40.1,41,39.8,39.9,39.95,0,77642,3109927.35,0,0,0
JISLJALEQS,EQ,28-APR-2016,63.6,63.5,64.2,61.4,61.7,61.65,0,4241285,264061219.15,0,0,0
JKCEMENT,EQ,28-APR-2016,612.45,618.95,619,609.05,609.15,610.05,0,7002,4286544.75,0,0,0
JKIL,EQ,28-APR-2016,249.45,249,249,237,238.5,238.85,0,207587,49990150.15,0,0,0
JKLAKSHMI,EQ,28-APR-2016,361.1,361.5,363.35,349.45,351.5,350.8,0,19269,6859720.55,0,0,0
JKPAPER,EQ,28-APR-2016,49.95,49.75,51.45,49.5,49.65,49.75,0,242596,12224064.7,0,0,0
JKTYRE,EQ,28-APR-2016,85.5,85.5,86.3,84.25,84.65,84.65,0,664753,56498815.1,0,0,0
JMCPROJECT,EQ,28-APR-2016,226,229.85,229.9,225,228,225.9,0,2400,542073.7,0,0,0
JMFINANCIL,EQ,28-APR-2016,41.05,41.05,41.6,40.8,41,41.05,0,161680,6650887.1,0,0,0
JMTAUTOLTD,EQ,28-APR-2016,57.6,57.8,59,56.1,56.3,56.45,0,61775,3535244.1,0,0,0
JOCIL,EQ,28-APR-2016,182.35,182.05,183.85,177.1,180.3,180.55,0,4883,881123.5,0,0,0
JPASSOCIAT,EQ,28-APR-2016,7.8,7.8,7.85,7.3,7.45,7.45,0,39069753,295641447.05,0,0,0
JPINFRATEC,EQ,28-APR-2016,7.55,7.6,7.7,7.5,7.55,7.55,0,919689,6991304.95,0,0,0
JPOLYINVST,EQ,28-APR-2016,86.85,83.75,87.9,83.75,87,86.5,0,1964,170343.7,0,0,0
JPPOWER,EQ,28-APR-2016,4.75,4.7,4.75,4.6,4.7,4.65,0,1952722,9130263.95,0,0,0
JSL,EQ,28-APR-2016,17.55,17.65,17.75,17.2,17.5,17.3,0,177081,3097386.6,0,0,0
JSLHISAR,EQ,28-APR-2016,35.6,35.65,36.5,34,35,34.3,0,138254,4773653.15,0,0,0
JSWENERGY,EQ,28-APR-2016,67.85,68.25,68.6,67.1,67.7,67.3,0,5568020,377872094.6,0,0,0
JSWHL,EQ,28-APR-2016,1012.75,1033.5,1038.95,992,992.55,997.9,0,22210,22592761,0,0,0
JSWSTEEL,EQ,28-APR-2016,1362.6,1368,1376.2,1353.55,1365.65,1368.45,0,1007559,1377506660.35,0,0,0
JSWSTEEL,P2,28-APR-2016,7,7.1,7.1,7,7.05,7.05,0,27526,193967,0,0,0
JUBILANT,EQ,28-APR-2016,408.65,404,410.4,395.1,398.7,398.85,0,456344,183229933.1,0,0,0
JUBLFOOD,EQ,28-APR-2016,1332.35,1330,1330,1175.9,1189.95,1190.65,0,4216521,5310990584.6,0,0,0
JUBLINDS,EQ,28-APR-2016,157.9,157.95,158.5,154.15,157.75,157,0,5539,870359.55,0,0,0
JUNIORBEES,EQ,28-APR-2016,195.52,196.45,196.48,193.1,193.88,193.57,0,5286,1029271.1,0,0,0
JUSTDIAL,EQ,28-APR-2016,849.65,857,868.8,843.3,867.1,860.85,0,1608987,1374340466.35,0,0,0
JVLAGRO,EQ,28-APR-2016,19.5,19.9,19.9,18.7,18.75,18.9,0,55886,1071693.3,0,0,0
JYOTHYLAB,EQ,28-APR-2016,302.15,302.9,303.5,295.25,301.65,302.85,0,33040,9967509.75,0,0,0
JYOTISTRUC,EQ,28-APR-2016,10.8,10.85,11.05,10.7,10.8,10.75,0,315337,3427364.45,0,0,0
KABRAEXTRU,EQ,28-APR-2016,92.9,93,93,90.5,92.4,92.4,0,3265,300012,0,0,0
KAJARIACER,EQ,28-APR-2016,1051.65,1045.55,1074.8,1040.35,1065,1066.3,0,264231,279738468.6,0,0,0
KAKATCEM,EQ,28-APR-2016,324.65,318,322,309,311.9,311.65,0,153710,48188661.85,0,0,0
KALINDEE,EQ,28-APR-2016,112.5,111.5,113.7,108.2,109.25,108.9,0,40176,4455791.4,0,0,0
KALPATPOWR,EQ,28-APR-2016,214.35,214.35,218.95,210.35,212,211.9,0,19793,4239357.95,0,0,0
KALYANIFRG,BE,28-APR-2016,272,260,280,260,261,261,0,38,10008,0,0,0
KAMATHOTEL,EQ,28-APR-2016,35.35,35,35.6,34.6,35,35,0,4789,168477.5,0,0,0
KAMDHENU,EQ,28-APR-2016,58.7,59.1,59.55,54.5,55.05,55.25,0,43349,2427307.6,0,0,0
KANANIIND,EQ,28-APR-2016,12,12,12.35,11.4,11.4,11.4,0,31261,371859.1,0,0,0
KANORICHEM,EQ,28-APR-2016,66.15,66.85,66.9,64,64.1,64.2,0,43040,2787767.5,0,0,0
KANSAINER,EQ,28-APR-2016,295.9,306,309.7,290,290.7,291.45,0,506934,151311574.9,0,0,0
KARMAENG,EQ,28-APR-2016,18,19,19.5,17.1,17.5,17.5,0,30177,551043.2,0,0,0
KARURVYSYA,EQ,28-APR-2016,480.5,480,485.85,477.4,479,479.95,0,66801,32168770.15,0,0,0
KAUSHALYA,EQ,28-APR-2016,3.8,3.75,4,3.7,4,3.95,0,10329,40488.2,0,0,0
KAVVERITEL,EQ,28-APR-2016,17.1,17.1,17.75,16.25,17.05,16.65,0,1703,28639.65,0,0,0
KAYA,EQ,28-APR-2016,909.05,915.95,920,864,875,876.4,0,13751,12240573,0,0,0
KCP,EQ,28-APR-2016,83.5,84,84.4,82.6,83,82.9,0,70038,5826486.3,0,0,0
KCPSUGIND,EQ,28-APR-2016,25.4,25.3,25.45,24.5,24.9,24.85,0,151358,3785810.65,0,0,0
KDDL,EQ,28-APR-2016,183.45,189.7,189.7,166,170.8,168.9,0,13043,2256174.35,0,0,0
KEC,EQ,28-APR-2016,126.95,127.25,127.85,125.1,125.9,125.45,0,85343,10773291.05,0,0,0
KECL,EQ,28-APR-2016,38.4,38.05,40,37.1,37.5,37.45,0,254835,9895442.6,0,0,0
KEI,EQ,28-APR-2016,104.3,103.25,104.6,101.1,101.75,101.7,0,96190,9875538.2,0,0,0
KELLTONTEC,EQ,28-APR-2016,207.9,208.05,210.55,202.3,204.95,203.8,0,28391,5833706.3,0,0,0
KEMROCK,EQ,28-APR-2016,10.95,10.8,11,10.6,10.6,10.95,0,8070,87222.6,0,0,0
KERNEX,BE,28-APR-2016,34.25,33.15,34.35,33.15,33.2,33.2,0,4385,147272,0,0,0
KESARENT,EQ,28-APR-2016,39,37,39.9,37,38,37.35,0,4969,188440,0,0,0
KESORAMIND,EQ,28-APR-2016,121.25,120,121.1,116.6,117.8,117.85,0,356183,42120604.15,0,0,0
KGL,EQ,28-APR-2016,1.75,1.75,1.75,1.7,1.75,1.7,0,1118264,1918257.65,0,0,0
KHAITANELE,EQ,28-APR-2016,37,37,37,35,36,36,0,176,6347.55,0,0,0
KICL,EQ,28-APR-2016,1664.1,1633,1661.95,1633,1651,1659.15,0,123,204068.55,0,0,0
KILITCH,EQ,28-APR-2016,37.05,37.1,38.85,37,37.8,37.8,0,4880,184273.25,0,0,0
KIRIINDUS,EQ,28-APR-2016,204.2,204.6,204.65,194,194,194,0,223887,44088019,0,0,0
KIRLOSBROS,EQ,28-APR-2016,133.6,132.5,134.6,131,131.5,131.35,0,41476,5509775.95,0,0,0
KIRLOSENG,EQ,28-APR-2016,242.8,243.1,243.5,237.2,239.85,239.2,0,1111,266439.25,0,0,0
KIRLOSIND,EQ,28-APR-2016,633.2,634.5,634.5,624.05,626,626.85,0,414,260009.7,0,0,0
KITEX,EQ,28-APR-2016,461.3,461.3,465.5,455,458,456.65,0,79800,36701640.05,0,0,0
KKCL,EQ,28-APR-2016,1794.9,1800,1804.9,1772.1,1804.9,1798.5,0,319,572111,0,0,0
KMSUGAR,BE,28-APR-2016,6.3,6.4,6.6,6,6.2,6,0,44035,277562,0,0,0
KNRCON,EQ,28-APR-2016,557.65,567.85,567.85,544.25,546.7,548.7,0,4561,2515771.45,0,0,0
KOHINOOR,EQ,28-APR-2016,54.2,54.2,54.25,50.1,50.25,50.45,0,365588,18865185.55,0,0,0
KOKUYOCMLN,EQ,28-APR-2016,90.65,89.55,92.4,88.5,89.95,89.8,0,48334,4339894.85,0,0,0
KOLTEPATIL,EQ,28-APR-2016,124.55,124.05,130.4,124.05,125.2,124.8,0,370557,47351582.35,0,0,0
KOPRAN,EQ,28-APR-2016,53.55,53.6,54.65,52.4,52.65,52.7,0,159492,8506182.35,0,0,0
KOTAKBANK,EQ,28-APR-2016,712.5,715,718.4,698.5,701.1,701.45,0,1515244,1069735747.4,0,0,0
KOTAKBKETF,EQ,28-APR-2016,170,171,171,167.75,167.88,167.77,0,3949,667681.09,0,0,0
KOTAKGOLD,EQ,28-APR-2016,264.05,264,266.4,263.15,265.5,265.5,0,10173,2696442.85,0,0,0
KOTAKNIFTY,EQ,28-APR-2016,809.11,811.7,812,798,799.2,804.66,0,4290,3459239.85,0,0,0
KOTAKNV20,EQ,28-APR-2016,37.25,36.75,36.75,36.25,36.25,36.25,0,120,4360,0,0,0
KOTAKPSUBK,EQ,28-APR-2016,255.96,258.99,258.99,252,252,252,0,722,183770.87,0,0,0
KOTARISUG,EQ,28-APR-2016,13.85,13.85,14,13.5,13.75,13.6,0,80472,1099405.6,0,0,0
KOTHARIPET,EQ,28-APR-2016,20.5,20.75,20.75,20.4,20.4,20.4,0,4450,91530,0,0,0
KOTHARIPRO,EQ,28-APR-2016,170.2,172.65,172.65,167.1,169.5,168.45,0,3464,585866.7,0,0,0
KPIT,EQ,28-APR-2016,154.25,159.5,162.8,156.5,161.5,161.05,0,3490135,557516568.45,0,0,0
KPRMILL,EQ,28-APR-2016,833.4,825,838,800.65,803.4,807.15,0,37914,30826464.1,0,0,0
KRBL,EQ,28-APR-2016,223.95,223.9,228.45,220.1,225.05,224.1,0,99918,22428777.6,0,0,0
KRIDHANINF,EQ,28-APR-2016,91.65,91,91.65,90,90,90.15,0,12378,1119393.75,0,0,0
KSBPUMPS,EQ,28-APR-2016,664,670,700,667,684.95,682.45,0,90567,62473919.35,0,0,0
KSCL,EQ,28-APR-2016,398.35,399.8,409,390,399.6,398.7,0,673942,271590732.9,0,0,0
KSERASERA,EQ,28-APR-2016,0.25,0.2,0.25,0.2,0.25,0.25,0,227507,49251.85,0,0,0
KSK,EQ,28-APR-2016,33.65,34.15,34.5,33.05,33.2,33.25,0,190212,6428676.15,0,0,0
KSL,EQ,28-APR-2016,173.75,174.65,175.7,168.45,170,169.5,0,65240,11246184.3,0,0,0
KTIL,EQ,28-APR-2016,404.2,414.8,414.8,398,406.5,404.2,0,5062,2044285.9,0,0,0
KTKBANK,EQ,28-APR-2016,114.25,113.75,114.4,112.3,112.55,112.8,0,1572977,178419427.4,0,0,0
KWALITY,EQ,28-APR-2016,126.75,127,127,117.1,119.15,118.7,0,1187528,144304009.05,0,0,0
L&TFH,EQ,28-APR-2016,71.7,71.6,72.8,70.2,71.05,70.55,0,4204968,300153175.15,0,0,0
L&TFINANCE,N3,28-APR-2016,1877,1880,1880,1880,1880,1880,0,200,376000,0,0,0
L&TFINANCE,N4,28-APR-2016,1071.7,1075,1075,1072.71,1073,1073,0,187,200977.81,0,0,0
L&TINFRA,N1,28-APR-2016,973,973.2,975,973.2,975,975,0,69,67224.3,0,0,0
L&TINFRA,N2,28-APR-2016,1411.01,1411.01,1411.01,1410.1,1410.51,1410.51,0,127,179129.47,0,0,0
L&TINFRA,N3,28-APR-2016,962.25,962,970,962,970,965.8,0,41,39579,0,0,0
L&TINFRA,N4,28-APR-2016,1367.01,1368,1368,1367,1367.03,1367.03,0,255,348667.85,0,0,0
L&TINFRA,N5,28-APR-2016,976,973.1,976,973.1,976,976,0,60,58454,0,0,0
L&TINFRA,N6,28-APR-2016,1453.55,1453,1455,1450.01,1454,1454.05,0,1166,1693410.47,0,0,0
LAKPRE,EQ,28-APR-2016,36.1,37,37,36.2,36.2,36.2,0,608,22155.4,0,0,0
LAKSHMIEFL,EQ,28-APR-2016,25,25.2,25.6,24.1,24.8,24.55,0,192191,4789881.7,0,0,0
LAKSHVILAS,EQ,28-APR-2016,80.65,80.6,81.7,80.2,80.35,80.55,0,567977,45802341.95,0,0,0
LALPATHLAB,EQ,28-APR-2016,995.95,1001,1008.75,987,993,992.55,0,32686,32725026.35,0,0,0
LAMBODHARA,EQ,28-APR-2016,126.45,127,127.1,124.05,124.7,124.4,0,61181,7678739.6,0,0,0
LAOPALA,EQ,28-APR-2016,578.05,584.15,584.2,565.8,570,569.6,0,9040,5170819.25,0,0,0
LAXMIMACH,EQ,28-APR-2016,3574.85,3574,3574,3508,3542.95,3525.8,0,3671,13024545.3,0,0,0
LCCINFOTEC,EQ,28-APR-2016,0.25,0.2,0.2,0.2,0.2,0.2,0,18000,3600,0,0,0
LGBBROSLTD,EQ,28-APR-2016,463.35,478.85,489.4,465.25,489.4,484.95,0,4995,2384027.15,0,0,0
LGBFORGE,EQ,28-APR-2016,5.4,5.4,5.5,5.35,5.5,5.45,0,35773,195389,0,0,0
LIBERTSHOE,EQ,28-APR-2016,175.85,176,177.3,171.45,172.1,172.25,0,40419,7026910,0,0,0
LICHSGFIN,EQ,28-APR-2016,462.55,463.8,467.5,453.3,459.5,456.75,0,2482700,1142793435.4,0,0,0
LICNETFGSC,EQ,28-APR-2016,14.96,15.05,15.05,14.96,14.96,14.96,0,1170,17544.15,0,0,0
LINCOLN,EQ,28-APR-2016,156.15,156.8,159.9,152.75,154.6,154,0,53454,8346763.05,0,0,0
LINCPEN,EQ,28-APR-2016,192.45,194.4,199,191.55,195,195,0,9091,1787218.05,0,0,0
LINDEINDIA,EQ,28-APR-2016,267.35,268.2,269.95,264,265,264.55,0,11191,2979011.9,0,0,0
LIQUIDBEES,EQ,28-APR-2016,1000,999.99,1000.01,999.99,1000,999.99,0,690333,690328469.88,0,0,0
LITL,EQ,28-APR-2016,4.95,4.95,4.95,4.85,4.95,4.9,0,1816395,8911508.35,0,0,0
LLOYDELENG,EQ,28-APR-2016,275.95,276,276.5,268,269.8,268.9,0,187304,51034028.35,0,0,0
LML,EQ,28-APR-2016,7.25,7.25,7.35,7.2,7.2,7.25,0,165536,1198502.8,0,0,0
LOKESHMACH,EQ,28-APR-2016,76.15,75.5,76.85,74.15,75.35,75.8,0,3044,230603.65,0,0,0
LOTUSEYE,EQ,28-APR-2016,18.25,17.8,19,17.8,18.85,18.55,0,10385,192194.15,0,0,0
LOVABLE,EQ,28-APR-2016,250.15,250,256.9,241.2,251,247.25,0,123798,31212308.8,0,0,0
LPDC,EQ,28-APR-2016,3.6,3.6,3.65,3.45,3.55,3.55,0,17761,64191.95,0,0,0
LT,EQ,28-APR-2016,1276.45,1277,1282.9,1253.4,1266,1259.55,0,1859980,2356499629.15,0,0,0
LUMAXAUTO,EQ,28-APR-2016,36.85,39,44.2,38,43,43.35,0,660733,28772058.6,0,0,0
LUMAXIND,EQ,28-APR-2016,452.45,453,464,438,440,439.65,0,7660,3436026.5,0,0,0
LUMAXTECH,EQ,28-APR-2016,349.7,349,361,349,361,355.85,0,23621,8412846.8,0,0,0
LUPIN,EQ,28-APR-2016,1569.9,1566.05,1585,1560.2,1579.3,1576.3,0,1791123,2823785600.4,0,0,0
LUXIND,EQ,28-APR-2016,3296.25,3248,3300.05,3248,3267,3272.25,0,387,1271883.9,0,0,0
LYCOS,EQ,28-APR-2016,18.4,18.85,18.85,18.25,18.4,18.35,0,249325,4598002.65,0,0,0
LYKALABS,EQ,28-APR-2016,80.75,80.85,81.8,77.9,79.05,78.5,0,77879,6213530.95,0,0,0
LYPSAGEMS,EQ,28-APR-2016,92.5,94.3,95.6,93.05,95,94.6,0,24719,2335854.5,0,0,0
M&M,EQ,28-APR-2016,1384.75,1389.35,1397,1341,1344.75,1344.5,0,1998593,2708650239.7,0,0,0
M&MFIN,EQ,28-APR-2016,306.7,305,307,297.1,299.75,300.15,0,4946170,1486515665.5,0,0,0
M100,EQ,28-APR-2016,13.86,13.9,13.9,13.61,13.61,13.61,0,1862,25636.29,0,0,0
M50,EQ,28-APR-2016,75.8,76.98,76.98,74.37,74.51,74.51,0,315,23604.02,0,0,0
MAANALU,EQ,28-APR-2016,32.6,30.55,33.55,30.55,32.9,32.45,0,1011,32488.65,0,0,0
MADHAV,EQ,28-APR-2016,48.65,49,50,48.5,48.6,48.75,0,4307,211116.25,0,0,0
MADHUCON,EQ,28-APR-2016,53.3,52.1,53.85,51.55,52.2,52.25,0,43253,2278785.1,0,0,0
MADRASFERT,EQ,28-APR-2016,14.95,15.1,15.3,14.15,14.6,14.25,0,41603,606062.4,0,0,0
MAGMA,EQ,28-APR-2016,92.85,92.8,93.45,89,90,90,0,61106,5522620.15,0,0,0
MAGNUM,EQ,28-APR-2016,3.05,2.9,3.15,2.9,3.15,3.05,0,15627,47595.8,0,0,0
MAHABANK,EQ,28-APR-2016,30.1,30.15,30.25,29.85,30,30,0,55560,1671655.25,0,0,0
MAHINDCIE,EQ,28-APR-2016,201.9,201.9,204.25,199.1,200.25,200.1,0,129916,26232661.8,0,0,0
MAHLIFE,EQ,28-APR-2016,446.05,446.4,450,440.05,441.5,440.95,0,24192,10727633.95,0,0,0
MAHSCOOTER,EQ,28-APR-2016,1300,1309,1310.95,1290,1292,1291.9,0,712,920946.25,0,0,0
MAHSEAMLES,EQ,28-APR-2016,202,202.1,209.4,202,203,203.45,0,24722,5058947.3,0,0,0
MAITHANALL,EQ,28-APR-2016,189.5,185.25,208.45,185.25,198.55,200.15,0,70319,14277363.45,0,0,0
MAJESCO,EQ,28-APR-2016,595.55,596.7,607,573.75,577.5,576.9,0,149113,88161390.2,0,0,0
MALUPAPER,EQ,28-APR-2016,11.6,11.3,12.7,11.3,11.5,11.5,0,2740,32310,0,0,0
MALWACOTT,BE,28-APR-2016,6.95,7.25,7.25,7.25,7.25,7.25,0,50,362.5,0,0,0
MANAKALUCO,EQ,28-APR-2016,3.35,3.35,3.5,3.35,3.5,3.5,0,7500,26235.6,0,0,0
MANAKCOAT,EQ,28-APR-2016,3.75,3.95,3.95,3.65,3.95,3.95,0,1847,7067.8,0,0,0
MANAKINDST,EQ,28-APR-2016,3.7,3.85,3.85,3.65,3.85,3.85,0,15932,60973.4,0,0,0
MANAKSIA,EQ,28-APR-2016,40.45,40,42.95,40,40.2,40.2,0,1897,77149.95,0,0,0
MANAKSTEEL,EQ,28-APR-2016,8.6,7.1,9.05,7.1,8.95,9,0,7078,62238.8,0,0,0
MANALIPETC,EQ,28-APR-2016,30,30.15,30.5,28.8,29,29.05,0,220202,6539937.35,0,0,0
MANAPPURAM,EQ,28-APR-2016,40.55,40.3,40.8,39.25,39.75,39.5,0,3155777,126260459.55,0,0,0
MANAPPURAM,N5,28-APR-2016,1020,1089.99,1090,1031.1,1031.1,1031.35,0,69,74176.25,0,0,0
MANDHANA,EQ,28-APR-2016,314.75,316,316,310.5,314.85,314.85,0,26211,8237074.75,0,0,0
MANGALAM,BE,28-APR-2016,213.2,205.5,214.95,204,205,207.15,0,27055,5625744,0,0,0
MANGCHEFER,EQ,28-APR-2016,46.05,46.25,47,45.55,45.55,45.9,0,11297,521318.25,0,0,0
MANGLMCEM,EQ,28-APR-2016,274.45,275,275,264.15,264.15,266.45,0,41625,11179504.1,0,0,0
MANGTIMBER,EQ,28-APR-2016,18.05,18.75,18.75,17.85,17.9,17.95,0,1557,28108,0,0,0
MANINDS,EQ,28-APR-2016,70.5,70.9,71.25,69,69.05,69.05,0,197200,13720819.4,0,0,0
MANINFRA,EQ,28-APR-2016,37.3,37.75,38.35,36.9,37.4,37.1,0,300705,11345701.45,0,0,0
MANPASAND,EQ,28-APR-2016,539.95,539.8,547,532.2,538,536.4,0,4421,2384804.85,0,0,0
MANUGRAPH,EQ,28-APR-2016,52.25,52.1,53,50.15,50.6,51.3,0,15649,806907.3,0,0,0
MARALOVER,EQ,28-APR-2016,29.5,30,30.45,28.5,28.5,28.6,0,15667,464358.45,0,0,0
MARICO,EQ,28-APR-2016,250,251,253.9,247.5,253.9,251.15,0,2352779,588017054.4,0,0,0
MARKSANS,EQ,28-APR-2016,47,46.8,47.4,45.5,45.95,45.8,0,1556230,72264639.2,0,0,0
MARUTI,EQ,28-APR-2016,3859.4,3819,3854,3735.1,3749,3747.95,0,1821236,6918974060.3,0,0,0
MASTEK,EQ,28-APR-2016,147.05,147.95,148.7,145,147.2,145.75,0,119803,17503413.4,0,0,0
MAWANASUG,EQ,28-APR-2016,28.7,27.85,28.4,27.3,27.65,27.35,0,28796,792302.55,0,0,0
MAXWELL,EQ,28-APR-2016,54.5,54,54.95,52.05,52.85,52.55,0,133680,7174405.6,0,0,0
MAYURUNIQ,EQ,28-APR-2016,404.05,403.15,415.5,398,400,399.2,0,27235,11026791.9,0,0,0
MBECL,EQ,28-APR-2016,80.35,80.1,81.85,78,81.85,79.9,0,22820,1806959.7,0,0,0
MBLINFRA,EQ,28-APR-2016,148.15,148.9,148.9,141.35,144.5,143.75,0,74552,10823192,0,0,0
MCDHOLDING,EQ,28-APR-2016,25,24.75,25.75,24.5,25.05,25.05,0,9104,228241.7,0,0,0
MCDOWELL-N,EQ,28-APR-2016,2363.45,2370,2390,2330,2353,2343.35,0,224961,529328971.65,0,0,0
MCLEODRUSS,EQ,28-APR-2016,192.15,192,193.1,188.6,189,189.3,0,426435,81053329.35,0,0,0
MCX,EQ,28-APR-2016,891.9,894.7,898.9,872.95,881,878.65,0,119143,105273442.2,0,0,0
MEGASOFT,EQ,28-APR-2016,12.6,13,13.2,12.9,13.2,13.2,0,323725,4256948.2,0,0,0
MEGH,EQ,28-APR-2016,30.75,30.8,32.9,30.55,32.1,31.95,0,5323158,170445824.45,0,0,0
MENONBE,EQ,28-APR-2016,62.8,63.45,63.45,61,63.3,62.65,0,15840,988517.15,0,0,0
MEP,EQ,28-APR-2016,44,46,46.95,44.2,44.5,44.55,0,772413,34961030.85,0,0,0
MERCATOR,EQ,28-APR-2016,27.9,27.9,29.3,27.75,27.95,27.95,0,2082744,59493675.05,0,0,0
MERCK,EQ,28-APR-2016,675.85,678.55,680.5,670.05,673.5,672.35,0,5855,3957491.5,0,0,0
METALFORGE,EQ,28-APR-2016,59.95,61.3,61.5,58,59.4,59.3,0,52552,3157470.95,0,0,0
METKORE,EQ,28-APR-2016,2.9,2.95,3,2.95,2.95,2.95,0,4562,13537.95,0,0,0
MFSL,EQ,28-APR-2016,367.75,365.05,368.7,344.05,345.65,349.05,0,253180,90935309.7,0,0,0
MHRIL,EQ,28-APR-2016,390.05,388,394.7,381,386,386.75,0,32433,12569291.5,0,0,0
MIC,EQ,28-APR-2016,20.15,20.25,20.3,19.55,19.75,19.7,0,250007,4979090.1,0,0,0
MICROSEC,EQ,28-APR-2016,73.35,71.6,73.5,71.5,72.35,72.4,0,26124,1885452,0,0,0
MINDACORP,EQ,28-APR-2016,117.5,120.9,120.9,114.8,115,115.15,0,8790,1024269.9,0,0,0
MINDAIND,EQ,28-APR-2016,1004.8,1024,1024,997.7,998,998.35,0,1954,1959590.15,0,0,0
MINDTREE,EQ,28-APR-2016,699.7,699.9,708.35,683.25,686.95,686.2,0,406581,281622243.95,0,0,0
MIRCELECTR,EQ,28-APR-2016,12.5,12.6,12.75,11.9,12,12,0,273446,3345723.95,0,0,0
MIRZAINT,EQ,28-APR-2016,103.75,104.35,105.4,101.45,102.55,102.5,0,218530,22609354.1,0,0,0
MMFL,EQ,28-APR-2016,463.15,469.95,469.95,461,464.5,465.45,0,1057,490876.75,0,0,0
MMTC,EQ,28-APR-2016,40.7,40.75,41.1,39.3,39.55,39.4,0,287154,11458181.4,0,0,0
MOHITIND,EQ,28-APR-2016,38.55,40.9,40.9,37.85,38.3,38.1,0,63908,2462291.45,0,0,0
MOIL,EQ,28-APR-2016,242.2,241.4,244.4,235.7,236.8,236.3,0,56981,13668709.75,0,0,0
MOLDTKPAC,EQ,28-APR-2016,149.2,150.95,150.95,144,149.95,149.15,0,28000,4135937.2,0,0,0
MOMAI,SM,28-APR-2016,85,83,83,82,82,82,0,8000,659280,0,0,0
MONNETISPA,EQ,28-APR-2016,24.3,25,28.1,24.4,26.4,26.45,0,1358795,36081170.55,0,0,0
MONSANTO,EQ,28-APR-2016,1822.6,1828,1869,1770,1781,1785.7,0,49683,90527715.55,0,0,0
MONTECARLO,EQ,28-APR-2016,396.65,393.5,403.65,393.4,397,398.75,0,39576,15806408.55,0,0,0
MORARJEE,EQ,28-APR-2016,47.7,47.8,48.3,44.5,45.25,45.15,0,44662,2080955.15,0,0,0
MOREPENLAB,EQ,28-APR-2016,26.95,26.95,27.25,25.75,25.95,25.9,0,1391360,36693142.4,0,0,0
MOSERBAER,EQ,28-APR-2016,9.1,9.15,9.2,8.85,8.95,8.9,0,253626,2280062.9,0,0,0
MOTHERSUMI,EQ,28-APR-2016,263,264,267.75,257.5,258,258.3,0,2699056,708499595.8,0,0,0
MOTILALOFS,EQ,28-APR-2016,293.85,292.3,297.05,290.4,293.45,292.6,0,942,276152.25,0,0,0
MPHASIS,EQ,28-APR-2016,495,500.35,503.8,490.5,492.9,494.75,0,147831,73388984.55,0,0,0
MPSLTD,EQ,28-APR-2016,690.7,690,700,684,689,688.1,0,3432,2381466.8,0,0,0
MRF,EQ,28-APR-2016,34786.25,34990,35135,34000.05,34035,34113.1,0,11105,382521135.2,0,0,0
MRO-TEK,EQ,28-APR-2016,42.25,42.7,44,41.5,42,41.9,0,16211,680402.65,0,0,0
MRPL,EQ,28-APR-2016,70.2,70.4,70.8,68.5,69,68.9,0,264522,18463312.4,0,0,0
MSPL,EQ,28-APR-2016,12.7,13.4,13.4,12.4,12.8,12.8,0,10718,136754.9,0,0,0
MTEDUCARE,EQ,28-APR-2016,171.9,173.3,174.85,167.55,170.45,169.9,0,72147,12319382,0,0,0
MTNL,EQ,28-APR-2016,19.5,19.05,19.4,18.55,18.7,18.65,0,1356373,25684817.65,0,0,0
MUKANDENGG,EQ,28-APR-2016,27.55,27.85,28.8,27.5,28,28,0,2163,60832.8,0,0,0
MUKANDLTD,EQ,28-APR-2016,36.9,37.25,37.4,35.8,36,35.9,0,3045,110759.05,0,0,0
MUKTAARTS,EQ,28-APR-2016,64.9,65.35,65.5,64.1,64.4,64.45,0,27118,1758405.3,0,0,0
MUNJALAU,EQ,28-APR-2016,82.25,82.6,84,81,81.95,81.7,0,25083,2055002.75,0,0,0
MUNJALSHOW,EQ,28-APR-2016,184.65,184.65,188,183.2,184.9,183.85,0,18253,3395544.6,0,0,0
MURUDCERA,EQ,28-APR-2016,22.15,22.8,22.8,21.5,22.35,21.8,0,1785,39296.65,0,0,0
MUTHOOTCAP,EQ,28-APR-2016,176.15,177.5,183,177.5,180.5,180.15,0,18178,3278865.65,0,0,0
MUTHOOTFIN,EQ,28-APR-2016,209,210.4,213.45,207.2,208,209.25,0,238037,50147837.9,0,0,0
MUTHOOTFIN,N6,28-APR-2016,1075.8,1076,1077,1075.5,1075.5,1075.74,0,2634,2834534.75,0,0,0
MUTHOOTFIN,N9,28-APR-2016,1030,1021.1,1040,1021,1028,1028,0,312,319179.6,0,0,0
MUTHOOTFIN,NB,28-APR-2016,1550,1520.11,1520.11,1520.11,1520.11,1520.11,0,25,38002.75,0,0,0
MVL,EQ,28-APR-2016,0.4,0.4,0.4,0.35,0.4,0.4,0,18662,6932.6,0,0,0
MYSOREBANK,EQ,28-APR-2016,393.15,393,394.45,387.1,388.85,392.4,0,3073,1204244.1,0,0,0
N100,EQ,28-APR-2016,292.12,301.99,301.99,290,296.5,294.1,0,730,214139.33,0,0,0
NAGAROIL,EQ,28-APR-2016,4.05,4.05,4.1,3.95,4,4,0,146705,590633.7,0,0,0
NAGREEKEXP,EQ,28-APR-2016,27.2,27.4,28.45,27.4,28.4,28.05,0,9446,266434.45,0,0,0
NAHARCAP,EQ,28-APR-2016,66.4,67.4,68,65.6,66.3,66.3,0,1080,71952,0,0,0
NAHARINDUS,EQ,28-APR-2016,61.95,62.15,62.45,61,61,61.25,0,7795,482672.45,0,0,0
NAHARPOLY,EQ,28-APR-2016,44.25,44.2,44.5,42,43.3,42.7,0,10723,468845.65,0,0,0
NAHARSPING,EQ,28-APR-2016,106.9,107.25,110.95,105.75,105.95,106.5,0,110106,11989996.85,0,0,0
NAKODA,EQ,28-APR-2016,0.3,0.3,0.35,0.25,0.35,0.3,0,110616,32380.45,0,0,0
NATCOPHARM,EQ,28-APR-2016,495.2,499.5,501.05,492.5,495.95,495.85,0,195604,97247373.95,0,0,0
NATHBIOGEN,EQ,28-APR-2016,90.45,91,91,87.05,88,87.65,0,10483,929994.4,0,0,0
NATIONALUM,EQ,28-APR-2016,47.55,47.5,47.8,45.7,46,46.05,0,1002968,46647127.4,0,0,0
NATNLSTEEL,BE,28-APR-2016,13.4,13.1,13.7,13.1,13.7,13.7,0,4671,63431.5,0,0,0
NAUKRI,EQ,28-APR-2016,790.25,785,792,740.4,752.95,750.1,0,134741,102061641.55,0,0,0
NAVINFLUOR,EQ,28-APR-2016,1750.45,1755,1785.05,1740,1748,1747.75,0,9173,16165486.15,0,0,0
NAVKARCORP,EQ,28-APR-2016,184.65,184.95,186.5,181.1,181.8,182.35,0,12511,2298035.9,0,0,0
NAVNETEDUL,EQ,28-APR-2016,88.75,89.7,89.9,88.2,88.55,88.8,0,21580,1924001.75,0,0,0
NBCC,EQ,28-APR-2016,1008.75,1007,1012.05,994.75,998,996.75,0,83298,83505879.35,0,0,0
NBVENTURES,EQ,28-APR-2016,164,172,172,161.4,162.85,162.45,0,10693,1742495.85,0,0,0
NCC,EQ,28-APR-2016,82,82.25,82.4,78.85,79.25,79.15,0,5128883,412098058.6,0,0,0
NCLIND,EQ,28-APR-2016,119.75,119.8,121.8,116.2,117.4,116.7,0,176358,20953401.05,0,0,0
NDL,EQ,28-APR-2016,136.25,136.05,139.7,134.5,138.95,137.7,0,154197,21048210.65,0,0,0
NDTV,EQ,28-APR-2016,100.45,100.95,101.7,98.9,99.5,99.2,0,31468,3143762.8,0,0,0
NECCLTD,EQ,28-APR-2016,37.3,37.3,38.55,37,38,37.7,0,4782,180303.6,0,0,0
NECLIFE,EQ,28-APR-2016,37.3,37.3,39.95,37.2,38.8,38.85,0,1824546,71538346.2,0,0,0
NELCAST,EQ,28-APR-2016,60.7,60.7,61.7,58.65,60,60.05,0,11699,701293.15,0,0,0
NELCO,EQ,28-APR-2016,100.75,100.6,102.6,96.9,97.8,97.45,0,310365,30883471.3,0,0,0
NEPCMICON,BE,28-APR-2016,1.5,1.55,1.55,1.45,1.45,1.45,0,3512,5298.8,0,0,0
NESCO,EQ,28-APR-2016,1546,1550.05,1550.05,1533,1535.05,1545.75,0,1837,2843552.45,0,0,0
NESTLEIND,EQ,28-APR-2016,5885.85,5878,5954.9,5755,5884.95,5908.05,0,39851,233360957.55,0,0,0
NET4,EQ,28-APR-2016,2.1,2.1,2.2,2.1,2.2,2.2,0,540,1138,0,0,0
NETWORK18,EQ,28-APR-2016,41.65,41.5,41.9,40.75,40.8,40.9,0,278375,11496245.45,0,0,0
NEULANDLAB,EQ,28-APR-2016,762.75,765,777.8,760,760,760.4,0,8653,6641030.6,0,0,0
NEXTMEDIA,EQ,28-APR-2016,22.4,21.75,22.45,21.75,22.3,22.1,0,75329,1667315.2,0,0,0
NEYVELILIG,EQ,28-APR-2016,70.95,71.05,71.6,69.95,70.3,70.05,0,70362,4960991.45,0,0,0
NFL,EQ,28-APR-2016,31.9,31.75,32.2,30.6,31.15,31.1,0,247129,7790789,0,0,0
NGCT,EQ,28-APR-2016,1.6,1.6,1.6,1.6,1.6,1.6,0,1500,2400,0,0,0
NH,EQ,28-APR-2016,300.1,298.55,300,295.1,298,297.8,0,27225,8116663.8,0,0,0
NHAI,N1,28-APR-2016,1122,1131,1135,1127,1129,1130.09,0,2626,2970006,0,0,0
NHAI,N2,28-APR-2016,1160,1160,1164,1160,1164,1164,0,801,929487.88,0,0,0
NHAI,N4,28-APR-2016,1103.13,1134.9,1149,1126.3,1149,1149,0,600,682083.36,0,0,0
NHAI,N6,28-APR-2016,1189.09,1190,1190,1188,1190,1190,0,900,1069400,0,0,0
NHAI,N8,28-APR-2016,1050,1021.5,1025.26,1021.5,1025.26,1025.26,0,47,48155.7,0,0,0
NHAI,NA,28-APR-2016,1047.63,1048.49,1049,1047.1,1049,1049,0,8770,9197965.15,0,0,0
NHAI,NC,28-APR-2016,1036.75,1038,1038,1038,1038,1038,0,6,6228,0,0,0
NHAI,NE,28-APR-2016,1058.13,1059.95,1068,1058.1,1059.85,1059.94,0,6565,6958744.44,0,0,0
NHBTF2014,N6,28-APR-2016,6097.9,6094.9,6110,6094.9,6100,6100,0,190,1158858.5,0,0,0
NHBTF2023,N6,28-APR-2016,5930,5905,5905,5891,5901,5901,0,56,330376,0,0,0
NHPC,EQ,28-APR-2016,21.55,21.3,21.35,21.05,21.1,21.1,0,34314449,725189165.75,0,0,0
NHPC,N6,28-APR-2016,1199,1199,1205,1199,1205,1205,0,55,66005,0,0,0
NIBL,EQ,28-APR-2016,45,42.65,46.75,42.65,44.4,44.4,0,390,17473.15,0,0,0
NIFTYBEES,EQ,28-APR-2016,806.9,806,808.2,793,794.9,794.66,0,58478,46819072.23,0,0,0
NIITLTD,EQ,28-APR-2016,82.35,82.7,84.2,80.1,80.5,80.45,0,1426518,117546375.1,0,0,0
NIITTECH,EQ,28-APR-2016,480.75,478,486,468,470,469.65,0,80943,38444797.05,0,0,0
NILAINFRA,EQ,28-APR-2016,13.55,13.5,14.75,13.35,13.85,13.65,0,759105,10634697.4,0,0,0
NILKAMAL,EQ,28-APR-2016,1272.15,1269.9,1278,1245,1255,1250.2,0,64046,80456954.85,0,0,0
NIPPOBATRY,EQ,28-APR-2016,894,930,938,876,895,884.95,0,663,588771.4,0,0,0
NIRVIKARA,EQ,28-APR-2016,40,40,40,38.65,39,38.95,0,12954,515314.15,0,0,0
NITCO,EQ,28-APR-2016,41.5,41.9,42.1,41.25,42.1,41.65,0,103155,4292059.95,0,0,0
NITESHEST,EQ,28-APR-2016,14.2,14.1,14.3,13.55,13.75,13.6,0,352820,4882167.9,0,0,0
NITINFIRE,EQ,28-APR-2016,37.45,37.8,38.45,36.1,36.3,36.35,0,587333,21914257.7,0,0,0
NITINSPIN,EQ,28-APR-2016,71.5,71.45,72.05,68.5,69,68.85,0,48909,3428299.7,0,0,0
NMDC,EQ,28-APR-2016,98.75,99,99.1,94.8,95.65,95.3,0,3333055,321192548.35,0,0,0
NOCIL,EQ,28-APR-2016,54.5,54.35,56.4,53.4,54.45,54.05,0,2751967,150881821.3,0,0,0
NOIDATOLL,EQ,28-APR-2016,22.5,22.6,22.7,22.45,22.7,22.55,0,133837,3017266.1,0,0,0
NORBTEAEXP,EQ,28-APR-2016,7.3,7.3,7.3,7.3,7.3,7.3,0,100,730,0,0,0
NRBBEARING,EQ,28-APR-2016,129.1,129.2,129.35,122.05,123.35,123.5,0,12084,1520860.7,0,0,0
NSIL,EQ,28-APR-2016,607,604.05,620,604,619.95,618.4,0,254,155126.65,0,0,0
NTPC,EQ,28-APR-2016,140.7,140.85,141.45,136.8,137.05,137.15,0,6318537,877759685.45,0,0,0
NTPC,N5,28-APR-2016,1162.81,1150,1150,1150,1150,1150,0,70,80500,0,0,0
NTPC,N7,28-APR-2016,12.81,12.8,12.87,12.78,12.8,12.78,0,28286,361971.72,0,0,0
NTPC,ND,28-APR-2016,1109.99,1105,1110,1105,1110,1110,0,9841,10923430,0,0,0
NUCLEUS,EQ,28-APR-2016,208.95,207,210.45,202.4,205.5,204.55,0,34903,7233933.1,0,0,0
NUTEK,EQ,28-APR-2016,0.6,0.6,0.6,0.55,0.6,0.6,0,176684,105948.75,0,0,0
OBEROIRLTY,EQ,28-APR-2016,285.3,291,295.6,275.2,281,282.25,0,1601068,463112661.5,0,0,0
OCCL,EQ,28-APR-2016,478.65,475,475,460,462.4,462.45,0,1438,670284.6,0,0,0
OCL,EQ,28-APR-2016,494.35,499.9,499.9,482.2,490,489.9,0,7069,3464627.15,0,0,0
OFSS,EQ,28-APR-2016,3552.15,3560,3632.9,3560,3581.5,3593.05,0,59620,215044007.8,0,0,0
OIL,EQ,28-APR-2016,327.9,328.55,333.45,328.55,330,330.8,0,720980,238707437.85,0,0,0
OILCOUNTUB,EQ,28-APR-2016,29.65,30.3,30.3,28.75,29.25,29,0,22278,648797.25,0,0,0
OISL,EQ,28-APR-2016,13.75,13.75,13.9,13.45,13.65,13.6,0,18133,247212.95,0,0,0
OMAXAUTO,EQ,28-APR-2016,66.2,68.8,71.7,65.5,65.5,66.45,0,73425,5084319.65,0,0,0
OMAXE,EQ,28-APR-2016,146.25,146.4,146.8,145.95,146.1,146.1,0,307755,45059861.55,0,0,0
OMKARCHEM,EQ,28-APR-2016,181.3,181.6,182.9,178.2,179.5,178.75,0,28731,5179727.55,0,0,0
OMMETALS,EQ,28-APR-2016,49.6,49.6,50.4,48.5,49.05,49.35,0,36582,1803459.35,0,0,0
OMNITECH,EQ,28-APR-2016,3.5,3.35,3.35,3.35,3.35,3.35,0,1100,3685,0,0,0
ONELIFECAP,EQ,28-APR-2016,29.65,29.8,29.9,29.2,29.55,29.4,0,20506,605848.1,0,0,0
ONGC,EQ,28-APR-2016,221.8,222.3,225.4,215.25,218.1,216.85,0,7731894,1697285618.5,0,0,0
ONMOBILE,EQ,28-APR-2016,119.5,120.65,122.5,118,118,118.55,0,296424,35629207.05,0,0,0
ONWARDTEC,EQ,28-APR-2016,72.65,71.8,73.05,71.7,71.75,72.15,0,1215,87802.4,0,0,0
OPTOCIRCUI,EQ,28-APR-2016,11.15,11.15,11.45,10.9,11.25,11.05,0,986588,10938669.75,0,0,0
ORBITCORP,EQ,28-APR-2016,6.15,6.25,6.65,6.2,6.45,6.4,0,512986,3326175.45,0,0,0
ORBTEXP,EQ,28-APR-2016,270.3,269.05,275,268.2,270,270.35,0,6397,1738025.2,0,0,0
ORCHIDPHAR,EQ,28-APR-2016,42.25,42.4,42.7,41.2,41.8,41.5,0,314797,13208040.55,0,0,0
ORICONENT,EQ,28-APR-2016,57.85,57.6,60.9,56.85,57.5,57.3,0,1007881,59418508.3,0,0,0
ORIENTABRA,EQ,28-APR-2016,46.5,47.55,47.55,45.3,45.85,45.75,0,10453,480052.7,0,0,0
ORIENTALTL,EQ,28-APR-2016,10.15,10.65,10.65,10.35,10.65,10.65,0,28635,302998.5,0,0,0
ORIENTBANK,EQ,28-APR-2016,96.2,96.4,97.7,94.65,95,95,0,1826379,175533872.5,0,0,0
ORIENTBELL,EQ,28-APR-2016,166.2,165.05,165.2,162.1,164,163.05,0,2555,418189.2,0,0,0
ORIENTCEM,EQ,28-APR-2016,150.75,151,152,148,148.5,148.2,0,36811,5483844.85,0,0,0
ORIENTHOT,EQ,28-APR-2016,22.3,22.4,22.7,21.5,21.6,21.6,0,31827,702117.5,0,0,0
ORIENTPPR,EQ,28-APR-2016,39.5,39.7,40.4,38.5,38.5,38.65,0,104762,4107304.7,0,0,0
ORIENTREF,EQ,28-APR-2016,82.9,85,86,83,84,83.75,0,3667,308007.3,0,0,0
ORISSAMINE,EQ,28-APR-2016,2054.35,2054,2070,2008,2010,2019.5,0,1435,2912424.95,0,0,0
ORTINLABSS,EQ,28-APR-2016,18.2,18.05,18.4,17.7,17.75,18.05,0,12094,218718.55,0,0,0
OUDHSUG,EQ,28-APR-2016,74.15,74.2,74.2,69.1,69.1,69.5,0,179167,12710504.2,0,0,0
PAEL,EQ,28-APR-2016,12.15,13.05,13.05,12.8,12.8,12.8,0,512,6679,0,0,0
PAGEIND,EQ,28-APR-2016,12979.3,13000.1,13197,12861,12960.55,12973.15,0,12629,164019235.6,0,0,0
PANACEABIO,EQ,28-APR-2016,90.8,90.5,92,90.2,91.65,91.55,0,3724,339652.6,0,0,0
PANAMAPET,EQ,28-APR-2016,68.1,69.7,69.7,67.4,68,68,0,610,41813.5,0,0,0
PANORAMUNI,EQ,28-APR-2016,13.4,13.2,13.8,13.2,13.35,13.25,0,9707,130041.1,0,0,0
PAPERPROD,EQ,28-APR-2016,226.05,227.05,229.05,221.2,224.1,223.6,0,5949,1341639.5,0,0,0
PARABDRUGS,EQ,28-APR-2016,4.75,4.75,4.9,4.7,4.7,4.75,0,137582,656285.6,0,0,0
PARACABLES,EQ,28-APR-2016,2.65,2.85,2.85,2.55,2.55,2.55,0,16886,44910.55,0,0,0
PARAPRINT,EQ,28-APR-2016,1,1,1,1,1,1,0,500,500,0,0,0
PARASPETRO,BE,28-APR-2016,0.15,0.2,0.2,0.15,0.2,0.2,0,34950,6885,0,0,0
PARRYSUGAR,EQ,28-APR-2016,41.9,42.7,42.7,40.55,41.65,41.5,0,13730,576402.2,0,0,0
PARSVNATH,EQ,28-APR-2016,19.1,19.05,20.35,18.8,19.35,19.4,0,354531,6978059.4,0,0,0
PATELENG,EQ,28-APR-2016,57.75,57.75,58.8,56.5,56.5,56.65,0,157272,9041120.25,0,0,0
PATINTLOG,EQ,28-APR-2016,98.5,99.55,99.55,95.1,95.5,95.95,0,43980,4284199.15,0,0,0
PATSPINLTD,EQ,28-APR-2016,8.6,8.55,8.95,8.4,8.8,8.4,0,1178,10001.15,0,0,0
PBAINFRA,EQ,28-APR-2016,17.2,17.5,17.5,16.9,17,17,0,12584,217590.35,0,0,0
PCJEWELLER,EQ,28-APR-2016,365.15,365,367.9,357.7,362.1,363.7,0,408729,148144210.25,0,0,0
PDMJEPAPER,BE,28-APR-2016,15.5,14.85,15.9,14.85,15.45,15.45,0,3007,46440.1,0,0,0
PDPL,EQ,28-APR-2016,40.75,41.35,41.35,39.15,40.5,40.05,0,7414,297974.25,0,0,0
PDSMFL,EQ,28-APR-2016,175.5,184,185.35,172,172,172.15,0,1315,227837.6,0,0,0
PDUMJEIND,EQ,28-APR-2016,10.05,9.7,10.4,9.7,10.4,10.35,0,1855,19108,0,0,0
PDUMJEPULP,EQ,28-APR-2016,18.25,19,19,17.1,18.35,18.3,0,15419,278414.65,0,0,0
PEARLPOLY,EQ,28-APR-2016,16,15.25,16,15.25,16,16,0,569,8891.75,0,0,0
PEL,EQ,28-APR-2016,1108.85,1110,1149.95,1101,1148,1145.4,0,188626,214106894.85,0,0,0
PENIND,EQ,28-APR-2016,49.05,49.2,49.4,47.7,47.8,47.9,0,120146,5811116.6,0,0,0
PENINLAND,EQ,28-APR-2016,19.15,19.25,22.4,19.25,20.85,20.65,0,777276,16574937.5,0,0,0
PENPEBS,EQ,28-APR-2016,150.6,147,149.7,145.9,149.7,149.7,0,186,27454.1,0,0,0
PERSISTENT,EQ,28-APR-2016,749.65,753.95,756,730.85,737.1,737.2,0,51966,38867718.55,0,0,0
PETRONENGG,EQ,28-APR-2016,203.85,199.25,208,199.25,203.95,200.9,0,2117,433085.5,0,0,0
PETRONET,EQ,28-APR-2016,263.55,262,265.65,259.05,259.3,259.75,0,2791440,730476786,0,0,0
PFC,EQ,28-APR-2016,179.3,180.3,183,177.9,180.55,181,0,2411272,436261497.95,0,0,0
PFIZER,EQ,28-APR-2016,1755.3,1740,1775.3,1740,1750,1764.4,0,14894,26235010.6,0,0,0
PFOCUS,EQ,28-APR-2016,53.85,54.9,61.85,53.55,61,59.8,0,274846,16005761.4,0,0,0
PFS,EQ,28-APR-2016,41,41.1,41.25,39.65,39.75,39.95,0,647581,26087766.35,0,0,0
PGEL,EQ,28-APR-2016,122.45,121.65,124.6,120.25,121.5,121.6,0,2907,354547,0,0,0
PGHH,EQ,28-APR-2016,6423.65,6423.65,6443.9,6325,6325,6334.85,0,1134,7213088.9,0,0,0
PGIL,EQ,28-APR-2016,231.1,230.05,233.9,229,231,230.55,0,2046,471698.95,0,0,0
PHILIPCARB,EQ,28-APR-2016,122.35,122.8,123.4,118,119.5,119.6,0,112378,13631703.2,0,0,0
PHOENIXLL,EQ,28-APR-2016,103.8,103.6,107.3,103.5,105.1,105.15,0,24252,2553414,0,0,0
PHOENIXLTD,EQ,28-APR-2016,313,312.85,327,312.5,317,316,0,86105,27178408.65,0,0,0
PIDILITIND,EQ,28-APR-2016,606.4,606.5,609.85,597.4,600.5,600,0,209200,126340684.25,0,0,0
PIIND,EQ,28-APR-2016,634.5,638.9,640.05,627.1,633.5,638.65,0,42162,26809991.5,0,0,0
PILANIINVS,BE,28-APR-2016,1264.95,1305,1305,1285.05,1285.05,1285.05,0,296,385550.8,0,0,0
PILITA,EQ,28-APR-2016,14.15,14.2,14.45,14,14.1,14.1,0,12616,178831.15,0,0,0
PIONDIST,EQ,28-APR-2016,133.6,137,137.3,129.2,132.8,131,0,17747,2353910,0,0,0
PIONEEREMB,EQ,28-APR-2016,54.1,55.4,56.8,53.9,54,54.05,0,23466,1294272.7,0,0,0
PIRPHYTO,EQ,28-APR-2016,87.45,88.4,89,84,86.5,85.75,0,72576,6307343.9,0,0,0
PITTILAM,EQ,28-APR-2016,35.45,37.45,37.45,34.55,35.25,34.8,0,13708,481016.55,0,0,0
PKTEA,EQ,28-APR-2016,140,129,139.4,125.35,137,129.85,0,183,23698.05,0,0,0
PLASTIBLEN,EQ,28-APR-2016,422.4,426,426,413,413,416.05,0,2501,1051742.7,0,0,0
PNB,EQ,28-APR-2016,90.1,90.4,91.15,87.9,88.2,88.2,0,6551956,586411344.75,0,0,0
PNBGILTS,EQ,28-APR-2016,24.55,24.65,24.8,24.5,24.6,24.55,0,72674,1788129.5,0,0,0
PNC,EQ,28-APR-2016,14.4,13.6,15.15,13.6,15,14.65,0,8014,119736.25,0,0,0
PNCINFRA,EQ,28-APR-2016,530,527.75,529.45,497.05,529,520.3,0,213129,112323592.6,0,0,0
PNEUMATIC,EQ,28-APR-2016,725,744.95,820,744.95,799.95,785.8,0,983,765148.65,0,0,0
POCHIRAJU,EQ,28-APR-2016,8.1,8.65,8.65,8.15,8.45,8.45,0,18961,157311.55,0,0,0
POLARIS,EQ,28-APR-2016,191.85,192,196.35,190.5,193.75,194.15,0,51799,10011211.3,0,0,0
POLYMED,EQ,28-APR-2016,279.8,273.05,280,273.05,280,279.35,0,1088,303720.6,0,0,0
POLYPLEX,EQ,28-APR-2016,223,223,224.7,217,223.45,221.95,0,2043,453542.65,0,0,0
PONNIERODE,EQ,28-APR-2016,186.8,185.15,185.55,183,183,184,0,364,67111.4,0,0,0
POWERGRID,EQ,28-APR-2016,144.35,144.2,145.45,141.35,143.1,141.85,0,5292289,754918132.25,0,0,0
POWERMECH,EQ,28-APR-2016,604.95,608.3,608.3,587,588,588,0,1125,664451.4,0,0,0
PPAP,EQ,28-APR-2016,146.35,146,148.45,143.5,143.5,145.6,0,4054,591127.45,0,0,0
PRABHAT,EQ,28-APR-2016,117.25,117.8,118.25,110.4,112,111.3,0,92346,10415752.8,0,0,0
PRAENG,EQ,28-APR-2016,6.4,6.35,6.55,6.25,6.5,6.4,0,36236,232311.5,0,0,0
PRAJIND,EQ,28-APR-2016,95.4,96.1,97.7,95.05,97,96.95,0,825559,79627145.35,0,0,0
PRAKASH,EQ,28-APR-2016,43.55,43.1,44,40.55,41.8,41.55,0,643794,27009868.6,0,0,0
PRAKASHCON,EQ,28-APR-2016,6.7,6.9,7,6.6,7,7,0,920375,6397660.05,0,0,0
PRAKASHSTL,EQ,28-APR-2016,11.35,11.2,11.7,9.1,9.1,9.1,0,3712409,36760446.75,0,0,0
PRATIBHA,EQ,28-APR-2016,33.95,33.75,34.7,33.5,33.7,33.8,0,173404,5902309.4,0,0,0
PRECAM,EQ,28-APR-2016,148.2,148,155,147,150,149.95,0,38593,5835727.2,0,0,0
PRECOT,EQ,28-APR-2016,45.25,45.5,45.5,45,45,45,0,225,10191,0,0,0
PRECWIRE,EQ,28-APR-2016,74.5,74.05,74.6,73.25,74.45,74.05,0,3707,274160.35,0,0,0
PREMIER,EQ,28-APR-2016,36.5,36.4,36.5,35.2,36.5,36.05,0,5465,196957.7,0,0,0
PRESSMN,EQ,28-APR-2016,49.15,48.9,50.15,48.5,48.5,48.6,0,11420,564570.1,0,0,0
PRESTIGE,EQ,28-APR-2016,168.85,169.7,172.5,168.1,170,170,0,90131,15393997.85,0,0,0
PRICOL,EQ,28-APR-2016,52.45,52.95,53.15,51.15,51.65,51.6,0,322926,16858876.9,0,0,0
PRIMESECU,EQ,28-APR-2016,3.55,3.35,3.6,3.35,3.5,3.45,0,15692,54418.35,0,0,0
PRISMCEM,EQ,28-APR-2016,87,87,87.25,85.1,87,86.45,0,252148,21796865.8,0,0,0
PROVOGE,EQ,28-APR-2016,5,5.1,5.1,4.95,5,4.95,0,45854,229692.55,0,0,0
PROZONINTU,EQ,28-APR-2016,27.3,27.7,27.85,26.55,26.65,26.7,0,79231,2149460.1,0,0,0
PSB,EQ,28-APR-2016,37.15,37.3,37.55,36,36.45,36.45,0,103191,3800250.8,0,0,0
PSL,EQ,28-APR-2016,7.45,7.5,7.5,7.15,7.4,7.3,0,45698,334450.45,0,0,0
PSUBNKBEES,EQ,28-APR-2016,281.03,282.46,283.01,272.66,274,273.34,0,956,264658.75,0,0,0
PTC,EQ,28-APR-2016,64.25,64.25,64.6,63.05,63.7,63.4,0,1347574,85915772.6,0,0,0
PTL,EQ,28-APR-2016,138.8,138.75,141.5,136.1,138,138.1,0,20671,2849540.6,0,0,0
PUNJABCHEM,EQ,28-APR-2016,160.75,159.1,162,158.05,160,160.1,0,5238,841020.5,0,0,0
PUNJLLOYD,EQ,28-APR-2016,23.5,23.5,24.5,23.45,23.75,23.6,0,1472278,35210942.15,0,0,0
PURVA,EQ,28-APR-2016,52.65,53.05,55.2,52.2,52.35,52.7,0,197002,10525169.65,0,0,0
PVP,EQ,28-APR-2016,4.75,4.75,4.8,4.6,4.6,4.6,0,34586,161884.4,0,0,0
PVR,EQ,28-APR-2016,815.2,816,832,808,814,816.3,0,25564,21059342,0,0,0
QGOLDHALF,EQ,28-APR-2016,1324.45,1325,1342,1320.3,1342,1333.1,0,271,360091.65,0,0,0
QUICKHEAL,EQ,28-APR-2016,273.7,272.85,278.85,262.1,264.5,264.1,0,787152,212761440.6,0,0,0
QUINTEGRA,EQ,28-APR-2016,0.9,0.85,0.85,0.85,0.85,0.85,0,500,425,0,0,0
RADAAN,EQ,28-APR-2016,1.65,1.7,1.7,1.7,1.7,1.7,0,50,85,0,0,0
RADICO,EQ,28-APR-2016,90.9,90.9,91.35,88.45,89,88.8,0,106377,9550544.5,0,0,0
RAIN,EQ,28-APR-2016,34.85,34.7,36.7,34.4,36.35,36.25,0,416222,14892586.45,0,0,0
RAINBOWPAP,EQ,28-APR-2016,8.2,7.8,7.8,7.8,7.8,7.8,0,44800,349440,0,0,0
RAIREKMOH,EQ,28-APR-2016,115.35,119,119.8,117,119.8,119.5,0,10149,1204483.55,0,0,0
RAJESHEXPO,EQ,28-APR-2016,573,576.6,584,571.05,578.45,578.85,0,310167,179408727.2,0,0,0
RAJOIL,EQ,28-APR-2016,1.35,1.35,1.35,1.3,1.3,1.3,0,59036,76768.05,0,0,0
RAJRAYON,EQ,28-APR-2016,0.4,0.35,0.4,0.35,0.4,0.4,0,19722,7433.25,0,0,0
RAJSREESUG,EQ,28-APR-2016,45.45,45.25,45.85,41.5,42.6,42.6,0,109000,4648783.4,0,0,0
RAJTV,EQ,28-APR-2016,57.75,57.25,58,56.6,57,56.7,0,40456,2307067.1,0,0,0
RALLIS,EQ,28-APR-2016,197.2,199.4,199.4,194.5,195,195.25,0,123640,24265024.4,0,0,0
RAMANEWS,EQ,28-APR-2016,23.45,24.3,24.3,22.25,22.65,22.6,0,53234,1217858,0,0,0
RAMASTEEL,EQ,28-APR-2016,92.25,92.5,94.4,92.5,92.55,92.8,0,276055,25740520.3,0,0,0
RAMCOCEM,EQ,28-APR-2016,454.4,454,458.4,449.95,452.65,452.55,0,34559,15675516.6,0,0,0
RAMCOIND,EQ,28-APR-2016,119.2,117,119.75,116,116,116.45,0,51563,6056682.55,0,0,0
RAMCOSYS,EQ,28-APR-2016,772.15,777.95,779,748,755.9,752.8,0,4629,3531837.3,0,0,0
RAMKY,EQ,28-APR-2016,57.85,57.65,59,56.8,57.1,57.25,0,30016,1727406.45,0,0,0
RAMSARUP,BE,28-APR-2016,1.55,1.6,1.6,1.6,1.6,1.6,0,202,323.2,0,0,0
RANASUG,EQ,28-APR-2016,6.3,6.4,6.4,5.85,6.1,6,0,895664,5493672.05,0,0,0
RANEENGINE,EQ,28-APR-2016,451,455,455,455,455,455,0,5,2275,0,0,0
RANEHOLDIN,EQ,28-APR-2016,566.95,566.95,579.9,556,570,569.8,0,1033,587766,0,0,0
RASOYPR,EQ,28-APR-2016,0.2,0.25,0.25,0.2,0.2,0.2,0,371931,79867,0,0,0
RATNAMANI,EQ,28-APR-2016,494.85,504,504,482.05,485.75,491.95,0,1741,853958.25,0,0,0
RAYMOND,EQ,28-APR-2016,418.55,420.2,425.75,413.5,414,415,0,219212,92304230.55,0,0,0
RBL,EQ,28-APR-2016,376,384,384,374,380,377.9,0,2687,1011579.8,0,0,0
RCF,EQ,28-APR-2016,48.65,48.4,48.4,46.85,47,47,0,1466390,69563370.85,0,0,0
RCOM,EQ,28-APR-2016,59.4,59.7,60.45,57.55,57.7,57.85,0,17836251,1047781158.6,0,0,0
RDAFTIIIDG,MF,28-APR-2016,8,8.8,8.8,8.8,8.8,8.8,0,1000,8800,0,0,0
RDEL,EQ,28-APR-2016,67,67.5,68.15,65,65.45,65.7,0,1224493,81679460.4,0,0,0
RECLTD,EQ,28-APR-2016,182.3,182.7,184.6,178.9,179.8,180.05,0,4150488,754116714.25,0,0,0
RECLTD,N1,28-APR-2016,1046,1046,1046,1046,1046,1046,0,900,941400,0,0,0
RECLTD,N2,28-APR-2016,1068,1068,1070,1068,1070,1070,0,20,21376.19,0,0,0
RECLTD,N3,28-APR-2016,1000.01,1002.01,1002.01,1002.01,1002.01,1002.01,0,10,10020.1,0,0,0
RECLTD,N9,28-APR-2016,1189.97,1189.99,1195.45,1185,1191.25,1191.22,0,539,640935.15,0,0,0
REDINGTON,EQ,28-APR-2016,112.75,112,113.4,111.1,111.95,111.95,0,81725,9168315.85,0,0,0
REFEX,EQ,28-APR-2016,8.1,7.9,8.1,7.9,8.1,8.1,0,1710,13611,0,0,0
REGENCERAM,BE,28-APR-2016,3.35,3.2,3.2,3.2,3.2,3.2,0,1200,3840,0,0,0
REIAGROLTD,EQ,28-APR-2016,0.45,0.45,0.45,0.4,0.4,0.45,0,571543,249937.1,0,0,0
REISIXTEN,EQ,28-APR-2016,0.35,0.4,0.4,0.35,0.4,0.4,0,205546,82093.4,0,0,0
RELAXO,EQ,28-APR-2016,504.8,507,507.6,496,496,496.7,0,10442,5217921.65,0,0,0
RELBANK,EQ,28-APR-2016,1809.5,1847.75,1847.75,1816,1816,1816,0,11,20007.75,0,0,0
RELCAPITAL,EQ,28-APR-2016,403.9,404,408.1,393.3,393.9,394.55,0,2524907,1011270090.4,0,0,0
RELCNX100,EQ,28-APR-2016,81.67,81.24,81.24,81.24,81.24,81.24,0,200,16248,0,0,0
RELDIVOPP,EQ,28-APR-2016,18.25,19,19,19,19,19,0,150,2850,0,0,0
RELGOLD,EQ,28-APR-2016,2573.6,2574,2595,2564,2595,2592.5,0,1558,4033221.35,0,0,0
RELIANCE,EQ,28-APR-2016,1019.4,1014,1019.2,990.95,993.5,996.7,0,14160507,14237803965.8,0,0,0
RELIFIN,N4,28-APR-2016,1032,1040,1040,1040,1040,1040,0,16,16640,0,0,0
RELIFIN,N7,28-APR-2016,1515,1610,1610,1610,1610,1610,0,52,83720,0,0,0
RELIGARE,EQ,28-APR-2016,275.5,277.05,284,272.1,275,276.4,0,6755,1865952.5,0,0,0
RELIGAREGO,EQ,28-APR-2016,2729,2730.15,2737,2730,2737,2737,0,38,103812.05,0,0,0
RELINFRA,EQ,28-APR-2016,550.1,549.7,555.7,534.4,536.2,535.9,0,2480714,1350314571.85,0,0,0
RELNIFTY,EQ,28-APR-2016,82,82.32,82.32,81.35,81.45,81.45,0,23623,1923349.6,0,0,0
REMSONSIND,EQ,28-APR-2016,49.45,45,45.6,45,45.6,45.6,0,126,5745,0,0,0
RENUKA,EQ,28-APR-2016,13.5,13.5,13.5,13.1,13.15,13.15,0,3218434,42744485.95,0,0,0
REPCOHOME,EQ,28-APR-2016,651.5,669,669,632.25,639,636.15,0,171789,111488114.1,0,0,0
REPRO,EQ,28-APR-2016,428.25,429.9,429.9,415.05,416.7,415.95,0,1680,708316,0,0,0
RESPONIND,EQ,28-APR-2016,77.2,78,78,76.25,77.9,77.1,0,569,43900.4,0,0,0
REVATHI,EQ,28-APR-2016,720,726,745,706.1,706.1,706.1,0,214,154808.75,0,0,0
RICOAUTO,EQ,28-APR-2016,38.9,40,41.15,39.5,40.25,40,0,1804439,72970482.05,0,0,0
RIIL,EQ,28-APR-2016,427.25,426,433.4,421.55,424.5,423.05,0,333620,142976336.5,0,0,0
RJL,EQ,28-APR-2016,136.75,136.75,138.05,130.8,131.55,131.7,0,11949,1591278.5,0,0,0
RKDL,EQ,28-APR-2016,7.75,7.75,7.9,7.65,7.75,7.75,0,13444,104549.4,0,0,0
RKFORGE,EQ,28-APR-2016,408.35,411,412.25,395,399.5,397.6,0,20406,8319139.45,0,0,0
RMCL,EQ,28-APR-2016,10.9,10.95,11,10.65,10.7,10.75,0,117259,1271028.9,0,0,0
RML,EQ,28-APR-2016,345.15,353.55,353.55,341.25,341.25,346.3,0,1574,547254.2,0,0,0
RMMIL,EQ,28-APR-2016,0.9,0.85,0.95,0.85,0.85,0.85,0,38397,34830.75,0,0,0
ROHITFERRO,EQ,28-APR-2016,4.7,4.75,4.9,4.75,4.8,4.85,0,50904,244542.5,0,0,0
ROHLTD,EQ,28-APR-2016,81.35,81.1,82.7,75.95,77.8,77.65,0,31689,2496337.9,0,0,0
ROLTA,EQ,28-APR-2016,77.85,77.95,78,76.5,77.2,76.8,0,258539,19936090.3,0,0,0
ROSSELLIND,EQ,28-APR-2016,118.7,121.9,121.9,116.25,118,118,0,10408,1234778.45,0,0,0
RPGLIFE,EQ,28-APR-2016,277.9,279,284.95,272.9,274.6,275,0,86589,24216235.7,0,0,0
RPOWER,EQ,28-APR-2016,53.3,53.3,53.5,51.4,51.55,51.65,0,4169220,218445914.5,0,0,0
RPPINFRA,EQ,28-APR-2016,145.45,145.5,151.3,142,145,144.75,0,48287,7067526.5,0,0,0
RSSOFTWARE,EQ,28-APR-2016,108.15,109.4,109.4,104,104.05,104.5,0,261592,27668943.15,0,0,0
RSWM,EQ,28-APR-2016,326.8,324.55,330,318,330,327.1,0,20092,6537533.55,0,0,0
RSYSTEMS,EQ,28-APR-2016,63.5,64.5,64.5,62.4,62.5,63.05,0,18103,1141695.5,0,0,0
RTNINFRA,EQ,28-APR-2016,3.5,3.45,3.7,3.45,3.65,3.6,0,594637,2149501.25,0,0,0
RTNPOWER,EQ,28-APR-2016,10.05,10.1,10.4,9.95,10.2,10.15,0,1265754,12919786.25,0,0,0
RUBYMILLS,EQ,28-APR-2016,399.5,401.75,412,398,398,400.35,0,18962,7646827.9,0,0,0
RUCHINFRA,BE,28-APR-2016,7,6.75,6.75,6.75,6.75,6.75,0,20,135,0,0,0
RUCHIRA,EQ,28-APR-2016,73.35,77.45,77.65,74.5,75.6,74.95,0,188150,14336594.4,0,0,0
RUCHISOYA,EQ,28-APR-2016,30.05,29.8,29.8,28,28.5,28.6,0,1361105,39414967.1,0,0,0
RUPA,EQ,28-APR-2016,294.7,296.05,297.9,292.1,292.9,293.2,0,8309,2445606.95,0,0,0
RUSHIL,EQ,28-APR-2016,282.75,282,287.7,280.1,282.85,282.2,0,560223,159156047.8,0,0,0
SABTN,EQ,28-APR-2016,268.5,270,270,266.25,266.25,266.95,0,21094,5673219.5,0,0,0
SADBHAV,EQ,28-APR-2016,271.2,269.8,273.8,256.95,262.1,262.65,0,314952,82706484.85,0,0,0
SADBHIN,EQ,28-APR-2016,99.8,98.15,101.3,95.1,100,100,0,62592,6235184.4,0,0,0
SAGCEM,EQ,28-APR-2016,563.85,560,567,543.45,547.05,547.05,0,11549,6394727.65,0,0,0
SAIL,EQ,28-APR-2016,45.95,46.05,47.7,45.55,47,46.95,0,9768122,458042868.8,0,0,0
SAKHTISUG,EQ,28-APR-2016,38.5,38.3,38.5,36.35,36.6,36.55,0,297884,11074434.45,0,0,0
SAKSOFT,EQ,28-APR-2016,225.45,222.4,225.1,221,221,221.75,0,4942,1101005.75,0,0,0
SAKUMA,EQ,28-APR-2016,68.75,69,70,65.8,67,66.55,0,16663,1129191.65,0,0,0
SALORAINTL,EQ,28-APR-2016,51.05,52,53.95,49,49.15,49.2,0,1434,73933.65,0,0,0
SALSTEEL,EQ,28-APR-2016,2.95,3,3,2.8,2.95,2.95,0,3168,9124.9,0,0,0
SALZERELEC,EQ,28-APR-2016,214.2,212.15,215.5,210.2,210.9,211.3,0,7964,1693094.15,0,0,0
SAMBHAAV,EQ,28-APR-2016,4.6,4.9,4.9,4.55,4.7,4.7,0,1582,7204.55,0,0,0
SAMTEL,BE,28-APR-2016,0.55,0.55,0.55,0.5,0.5,0.5,0,3500,1865,0,0,0
SANCO,SM,28-APR-2016,43.3,43.5,43.5,43.5,43.5,43.5,0,8000,348000,0,0,0
SANDESH,EQ,28-APR-2016,734.1,730.55,750,721,732,732.2,0,1909,1398551.85,0,0,0
SANGAMIND,EQ,28-APR-2016,280.7,278,286.7,275.1,281.05,280.15,0,50447,14187249.4,0,0,0
SANGHIIND,EQ,28-APR-2016,75.6,76.5,79.4,75,76.7,75.8,0,752896,58424386.4,0,0,0
SANGHVIFOR,EQ,28-APR-2016,45.4,44.75,45.85,44.5,45.7,45.7,0,10817,488983.05,0,0,0
SANGHVIMOV,EQ,28-APR-2016,293.75,295,297.9,288.05,289.75,289.2,0,365419,105792180.75,0,0,0
SANOFI,EQ,28-APR-2016,4407.95,4301.15,4405,4240,4300,4349.1,0,3925,17015935,0,0,0
SANWARIA,EQ,28-APR-2016,5.75,5.65,5.85,5.6,5.6,5.6,0,83286,472809.4,0,0,0
SARDAEN,EQ,28-APR-2016,117,117,120.5,112.35,114.5,114.05,0,24375,2824514.25,0,0,0
SAREGAMA,EQ,28-APR-2016,323.9,322.95,328.4,312,313,315.6,0,142482,45434264.35,0,0,0
SARLAPOLY,EQ,28-APR-2016,65.15,65.9,65.95,63.35,64.9,63.8,0,31518,2036965.35,0,0,0
SASKEN,EQ,28-APR-2016,343.25,346.6,353.75,341.6,342.1,344.65,0,53389,18530791.6,0,0,0
SATHAISPAT,EQ,28-APR-2016,50.5,51,52,49.8,49.8,50,0,6876,347219.8,0,0,0
SATIN,EQ,28-APR-2016,320.95,318.25,321.9,310,315.25,316.3,0,3300,1045637.45,0,0,0
SBBJ,EQ,28-APR-2016,527.2,527.2,539.9,525,535,534.8,0,15267,8126360.5,0,0,0
SBIN,EQ,28-APR-2016,196.15,196.75,198.2,191.2,192.1,192.05,0,24555479,4776038582.1,0,0,0
SBIN,N2,28-APR-2016,11045,11000.01,11000.01,10807.95,10870,10870,0,29,316526.03,0,0,0
SBIN,N5,28-APR-2016,11391.6,11439.87,11439.95,11375,11415,11425.71,0,184,2101818.18,0,0,0
SBT,EQ,28-APR-2016,383.45,383.5,391.8,372,379,378.65,0,40840,15428884.8,0,0,0
SCHNEIDER,EQ,28-APR-2016,143.3,144.4,144.4,140.05,142.05,141.75,0,93424,13284209.55,0,0,0
SCI,EQ,28-APR-2016,72.3,72.4,73.4,70.9,71,71.25,0,481848,34820390.3,0,0,0
SDBL,EQ,28-APR-2016,179.55,179.5,181.9,178,178,179.1,0,20554,3706342.25,0,0,0
SEAMECLTD,EQ,28-APR-2016,92.75,93.35,96.3,89,89.25,89.55,0,34845,3230418.7,0,0,0
SEINV,EQ,28-APR-2016,181.05,176.1,188,176.1,182,181.9,0,83,15047.5,0,0,0
SELAN,EQ,28-APR-2016,197.3,197.15,203.95,194.05,195.8,196,0,203367,40517092.2,0,0,0
SELMCL,EQ,28-APR-2016,3.25,3.35,3.4,3.25,3.25,3.3,0,164248,539618,0,0,0
SEPOWER,EQ,28-APR-2016,6.5,6.5,6.9,6.5,6.9,6.9,0,212,1382.8,0,0,0
SEQUENT,EQ,28-APR-2016,151.9,151.7,154.7,149,151.95,151.9,0,17527,2649243.1,0,0,0
SERVALL,EQ,28-APR-2016,3.4,3.3,3.3,3.3,3.3,3.3,0,1040,3432,0,0,0
SESHAPAPER,EQ,28-APR-2016,243.95,244.7,245,236.1,245,245,0,272,65679.8,0,0,0
SETFGOLD,EQ,28-APR-2016,2714.1,2712.05,2760,2709.2,2735.35,2750.85,0,6191,16907208.3,0,0,0
SETFNIF50,EQ,28-APR-2016,80.4,80.45,80.9,79.3,79.55,79.5,0,12038,958457.6,0,0,0
SETFNIFBK,EQ,28-APR-2016,170.86,170.99,170.99,169.05,170.99,169.08,0,145,24532.31,0,0,0
SETFNN50,EQ,28-APR-2016,203.99,199,203.99,199,203.99,203.99,0,2,402.99,0,0,0
SEZAL,EQ,28-APR-2016,5.9,5.75,5.9,5.4,5.9,5.55,0,13417,75521.6,0,0,0
SFCL,EQ,28-APR-2016,123.85,123,124.8,122,123,122.8,0,5321,652846.4,0,0,0
SGJHL,EQ,28-APR-2016,7.65,7.9,7.9,7.5,7.65,7.6,0,16064,122350.4,0,0,0
SGL,EQ,28-APR-2016,4.5,4.8,4.8,4.8,4.8,4.8,0,5,24,0,0,0
SHAHALLOYS,EQ,28-APR-2016,8.65,8.05,9.5,8.05,9,8.8,0,14512,128923.65,0,0,0
SHAKTIPUMP,EQ,28-APR-2016,174.2,174.25,175,170,170.5,170.35,0,33566,5783996.25,0,0,0
SHALPAINTS,EQ,28-APR-2016,139.05,140.3,140.4,136,137.25,136.65,0,19832,2743031.5,0,0,0
SHANTIGEAR,EQ,28-APR-2016,96.55,94.8,94.8,90.8,91.5,91.35,0,145871,13522747.75,0,0,0
SHARDACROP,EQ,28-APR-2016,261.95,263,268.8,263,268.8,268.2,0,17635,4718597.15,0,0,0
SHARDAMOTR,EQ,28-APR-2016,900,873,920,872,878,886.25,0,491,440054.55,0,0,0
SHARIABEES,EQ,28-APR-2016,188.5,180,180,179.1,179.1,179.1,0,100,17913.6,0,0,0
SHARONBIO,EQ,28-APR-2016,12.8,12.9,12.9,12.5,12.5,12.6,0,135703,1719814.5,0,0,0
SHEMAROO,EQ,28-APR-2016,325.4,327.45,330.9,317.55,320.2,321.25,0,37327,12163218.05,0,0,0
SHILPAMED,EQ,28-APR-2016,483.9,492,492,479,479.1,480,0,15224,7336955.2,0,0,0
SHILPI,EQ,28-APR-2016,58.15,58.8,58.8,56.2,57.75,57.55,0,135526,7848979.6,0,0,0
SHIRPUR-G,EQ,28-APR-2016,82.9,81,83.5,79,82,82.1,0,71259,5871271.6,0,0,0
SHIVAMAUTO,EQ,28-APR-2016,47.35,47.1,48.65,47.1,47.7,47.6,0,40197,1926874.2,0,0,0
SHIVTEX,EQ,28-APR-2016,107.1,106,109.6,104.6,105,104.8,0,3480,371607.8,0,0,0
SHK,EQ,28-APR-2016,232.1,231.9,234.85,229.9,230.75,230.85,0,59621,13798998.45,0,0,0
SHOPERSTOP,EQ,28-APR-2016,381.3,380.85,383,377,377,378.6,0,5480,2075172.2,0,0,0
SHREECEM,EQ,28-APR-2016,12726.05,12708.15,12889.95,12577.2,12750,12799.6,0,12392,157722785.4,0,0,0
SHREEPUSHK,EQ,28-APR-2016,136.95,138.4,138.4,132.1,133,133.95,0,56220,7544282.55,0,0,0
SHREERAMA,BE,28-APR-2016,5.8,6,6.05,5.95,6,6,0,2704,16275.5,0,0,0
SHRENUJ,EQ,28-APR-2016,4.95,4.75,4.9,4.75,4.75,4.75,0,521171,2483129.6,0,0,0
SHREYANIND,EQ,28-APR-2016,36.25,41.8,41.8,35,35.15,36.6,0,8173,305830.55,0,0,0
SHREYAS,EQ,28-APR-2016,337.45,337.2,340.3,326.1,328.5,328.4,0,19026,6292516.2,0,0,0
SHRIASTER,EQ,28-APR-2016,3.05,2.9,2.95,2.9,2.9,2.9,0,1602,4658.65,0,0,0
SHRIRAMCIT,EQ,28-APR-2016,1654.15,1601,1698.8,1599.95,1677,1659.35,0,15492,25206835.05,0,0,0
SHRIRAMEPC,EQ,28-APR-2016,25.8,26.15,26.15,25.65,26,25.85,0,10207,264364.4,0,0,0
SHYAMCENT,EQ,28-APR-2016,6.5,6.7,6.7,6.05,6.6,6.6,0,11420,72120.35,0,0,0
SHYAMTEL,EQ,28-APR-2016,31.75,31.9,31.9,31.3,31.7,31.7,0,550,17475,0,0,0
SICAGEN,EQ,28-APR-2016,18.35,18.35,19.2,18,18.4,18.1,0,3946,72007.2,0,0,0
SICAL,EQ,28-APR-2016,136.4,135.5,135.5,130.5,131,132.75,0,11408,1517104.6,0,0,0
SIEMENS,EQ,28-APR-2016,1182.35,1182.35,1186.35,1145,1146,1147.95,0,408041,474113026.05,0,0,0
SIGNET,EQ,28-APR-2016,29.55,26.6,32.5,26.6,32.5,32.5,0,493496,15228238.25,0,0,0
SIIL,SM,28-APR-2016,69.8,72.05,72.05,70.9,70.9,70.9,0,4000,285900,0,0,0
SIL,BE,28-APR-2016,25.05,25.3,25.3,24,24.7,24.6,0,12806,311107.55,0,0,0
SILINV,EQ,28-APR-2016,82.9,86.75,86.75,75.05,82.7,81.8,0,7520,616659.85,0,0,0
SIMBHALS,EQ,28-APR-2016,32.3,31.8,32.1,30.05,30.85,30.6,0,65557,2027697.5,0,0,0
SIMPLEX,EQ,28-APR-2016,31.45,31.45,31.45,30,30.4,30.2,0,11857,362059,0,0,0
SIMPLEXINF,EQ,28-APR-2016,271.05,274.45,274.5,265.1,266.2,266.8,0,14363,3851067.45,0,0,0
SINTEX,EQ,28-APR-2016,84.15,84.6,84.6,83,83.7,83.55,0,1632984,136446974.65,0,0,0
SITASHREE,BE,28-APR-2016,10.25,9.9,10.75,9.9,10.75,10.75,0,14162,149696.1,0,0,0
SITICABLE,EQ,28-APR-2016,35.4,35.4,35.55,35.05,35.3,35.25,0,99490,3518760.45,0,0,0
SIYSIL,EQ,28-APR-2016,1083.35,1082.85,1082.9,1040,1042,1048.5,0,2899,3070125.1,0,0,0
SJVN,EQ,28-APR-2016,28.9,28.95,29.6,28.4,28.8,28.55,0,578681,16766024.55,0,0,0
SKFINDIA,EQ,28-APR-2016,1303.35,1301.45,1306.55,1277,1287,1285.3,0,12874,16685953.15,0,0,0
SKIL,EQ,28-APR-2016,29.95,30.85,30.85,28.5,29,29,0,9985,290346.4,0,0,0
SKIPPER,EQ,28-APR-2016,148.75,148.7,151,144.2,145,145.15,0,49207,7248693.5,0,0,0
SKMEGGPROD,EQ,28-APR-2016,92.55,92.55,94,90.6,91.7,91.55,0,41347,3806958.8,0,0,0
SKSMICRO,EQ,28-APR-2016,594.65,593.85,602.4,585.95,590.1,588.8,0,1200369,712610096.25,0,0,0
SMARTLINK,EQ,28-APR-2016,104.5,99.5,99.55,92.4,94.85,94.5,0,114092,10841843.5,0,0,0
SMLISUZU,EQ,28-APR-2016,909.85,912,969,909.05,939,934.8,0,288443,273401381.45,0,0,0
SMPL,EQ,28-APR-2016,2.45,2.5,2.5,2.35,2.4,2.4,0,83625,203120.15,0,0,0
SMSPHARMA,EQ,28-APR-2016,88.6,89.15,96.5,89,94,93.1,0,269522,25295781.1,0,0,0
SNOWMAN,EQ,28-APR-2016,61.1,60.6,61.1,57.4,57.7,57.65,0,1019446,60148262.3,0,0,0
SOBHA,EQ,28-APR-2016,297.6,299.8,307,290.1,294,294.7,0,196007,59213643.95,0,0,0
SOLARINDS,EQ,28-APR-2016,3394.95,3420,3420,3377,3398,3393.85,0,518,1757588.9,0,0,0
SOMANYCERA,EQ,28-APR-2016,416.9,422,430,415,421,418.9,0,6470,2728466.75,0,0,0
SOMATEX,EQ,28-APR-2016,6.25,6.7,6.8,6,6,6,0,1953,12634.9,0,0,0
SONASTEER,EQ,28-APR-2016,51.1,51.1,52.45,50.45,51.65,51.6,0,148281,7617789.9,0,0,0
SONATSOFTW,EQ,28-APR-2016,152.15,152.4,155.6,150.25,151.25,151.05,0,75789,11567324.9,0,0,0
SOTL,EQ,28-APR-2016,516.3,511.3,526,511.3,520,521.25,0,347,180307.2,0,0,0
SOUTHBANK,EQ,28-APR-2016,18.25,18.3,18.3,17.95,18,18.1,0,4554802,82558379.9,0,0,0
SPARC,EQ,28-APR-2016,308.05,307.4,309.5,297.55,299.6,299.45,0,222002,67119108.45,0,0,0
SPECIALITY,EQ,28-APR-2016,95.55,95.85,98.5,95.2,95.3,95.5,0,23452,2257651.2,0,0,0
SPENTEX,EQ,28-APR-2016,3.3,3.3,3.3,3.15,3.15,3.15,0,7450,23487.65,0,0,0
SPHEREGSL,EQ,28-APR-2016,54.35,54.3,55.5,52.2,53,52.7,0,10424,561678,0,0,0
SPIC,EQ,28-APR-2016,24.7,24.85,24.85,23.55,23.85,23.7,0,255540,6136249.5,0,0,0
SPICEMOBI,EQ,28-APR-2016,14,13.9,14.4,13.5,14,13.85,0,9200,127766,0,0,0
SPLIL,EQ,28-APR-2016,29,29.8,29.9,28.6,29.9,29.2,0,9905,289213.2,0,0,0
SPMLINFRA,EQ,28-APR-2016,78.25,77,80,75.5,75.65,75.95,0,4074,314422.4,0,0,0
SPYL,EQ,28-APR-2016,1.35,1.3,1.35,1.3,1.35,1.35,0,10001,13001.35,0,0,0
SQSBFSI,EQ,28-APR-2016,1004.85,992,1018,977,990,986.2,0,9320,9320370.35,0,0,0
SREEL,EQ,28-APR-2016,119.9,125,125,125,125,125,0,258,32250,0,0,0
SREIBNPNCD,N1,28-APR-2016,970,980,980,980,980,980,0,150,147000,0,0,0
SREIBNPNCD,N2,28-APR-2016,1045,1045,1045,1045,1045,1045,0,15,15675,0,0,0
SREIBNPNCD,N5,28-APR-2016,999,990,990,990,990,990,0,149,147510,0,0,0
SREINFRA,EQ,28-APR-2016,61.35,61.65,61.75,58.75,58.9,59.15,0,893998,53773717.35,0,0,0
SRF,EQ,28-APR-2016,1355.75,1356,1369.5,1336,1342,1342.55,0,164590,221661934.45,0,0,0
SRGINFOTEC,BE,28-APR-2016,0.25,0.25,0.3,0.25,0.25,0.25,0,22385,5878.25,0,0,0
SRHHYPOLTD,EQ,28-APR-2016,70.1,70.4,70.4,66.5,69,68.85,0,7362,507408.9,0,0,0
SRIPIPES,EQ,28-APR-2016,260.9,260.05,262.5,249.55,255.1,255.15,0,109514,27991616.5,0,0,0
SRSLTD,EQ,28-APR-2016,13.95,13.95,14.2,13.85,14,13.95,0,179686,2526530.3,0,0,0
SRTRANSFIN,EQ,28-APR-2016,994.4,994.5,995.3,955,966,964.25,0,835574,807193559.6,0,0,0
SRTRANSFIN,N9,28-APR-2016,1006.01,1020,1020,1016.1,1016.1,1016.1,0,110,112071,0,0,0
SRTRANSFIN,NF,28-APR-2016,1886.87,1872,1872.51,1871.99,1872,1872,0,575,1076521.49,0,0,0
SRTRANSFIN,NL,28-APR-2016,1014,1018,1018,1014.15,1014.15,1014.15,0,143,145413.7,0,0,0
SRTRANSFIN,NN,28-APR-2016,1007,1002.5,1002.5,1002.5,1002.5,1002.5,0,100,100250,0,0,0
SRTRANSFIN,NS,28-APR-2016,1025,1032,1032,1032,1032,1032,0,100,103200,0,0,0
SRTRANSFIN,NU,28-APR-2016,1510,1515,1515,1503,1503,1503,0,204,307470,0,0,0
SRTRANSFIN,NY,28-APR-2016,1314.5,1311.5,1315,1068.25,1315,1315,0,142,178879.46,0,0,0
SRTRANSFIN,NZ,28-APR-2016,1340,1335.06,1335.06,1335.06,1335.06,1335.06,0,10,13350.6,0,0,0
SRTRANSFIN,Y1,28-APR-2016,1010,1010,1010,1010,1010,1010,0,88,88880,0,0,0
SRTRANSFIN,Y2,28-APR-2016,1074.99,1072,1072,1072,1072,1072,0,10,10720,0,0,0
SRTRANSFIN,Y7,28-APR-2016,1090,1100,1100,1100,1100,1100,0,100,110000,0,0,0
SRTRANSFIN,Y9,28-APR-2016,1170.21,1185,1185,1170.3,1170.3,1170.3,0,200,235530,0,0,0
SRTRANSFIN,YB,28-APR-2016,1066,1066,1066,1066,1066,1066,0,50,53300,0,0,0
SSWL,EQ,28-APR-2016,404.25,403,424.8,403,424.5,421,0,231925,97020888.55,0,0,0
STAN,DR,28-APR-2016,52.85,53.75,53.75,51.3,52.95,52.9,0,46387,2447151.35,0,0,0
STAR,EQ,28-APR-2016,1103.9,1103,1111,1078.55,1081,1082.3,0,459283,500618745.3,0,0,0
STARPAPER,EQ,28-APR-2016,37.1,38,38,35.6,36.55,36.5,0,4416,161130.55,0,0,0
STCINDIA,EQ,28-APR-2016,105.1,105.2,107.2,102.2,104,103.6,0,93861,9855998.2,0,0,0
STEL,EQ,28-APR-2016,28.6,27.7,29.5,27.7,28.5,28.35,0,2833,81462.75,0,0,0
STERLINBIO,EQ,28-APR-2016,4.05,4.15,4.15,3.95,4,3.95,0,139853,568188.25,0,0,0
STERTOOLS,EQ,28-APR-2016,502.65,502.45,508.95,501,502,502.05,0,764,383231.3,0,0,0
STINDIA,EQ,28-APR-2016,15,15,15,15,15,15,0,100,1500,0,0,0
STOREONE,EQ,28-APR-2016,59.1,58.5,60.8,57.25,59.1,58.65,0,24627,1445146.4,0,0,0
STRTECH,EQ,28-APR-2016,92.7,93,94.8,89.2,89.5,89.7,0,776050,71753288.9,0,0,0
SUBEX,EQ,28-APR-2016,9.2,9.2,9.3,8.9,9,8.95,0,5070048,46053776.2,0,0,0
SUBROS,EQ,28-APR-2016,88.85,88.25,90.5,88,88.1,88.25,0,20454,1822018.75,0,0,0
SUDAR,EQ,28-APR-2016,2.95,3,3.05,2.95,2.95,2.95,0,28637,85356.7,0,0,0
SUDARSCHEM,EQ,28-APR-2016,107.6,108,109.85,107,107.3,107.35,0,43113,4674832,0,0,0
SUJANATWR,EQ,28-APR-2016,11.5,11.55,11.55,11.15,11.4,11.3,0,21031,237072.8,0,0,0
SUJANAUNI,EQ,28-APR-2016,1.25,1.3,1.3,1.2,1.25,1.25,0,223015,274823.35,0,0,0
SUMEETINDS,EQ,28-APR-2016,10.8,10.9,11,10.65,10.65,10.65,0,387828,4161465.3,0,0,0
SUMMITSEC,EQ,28-APR-2016,296.35,294.2,307,294,297,295.7,0,659,194775.55,0,0,0
SUNCLAYLTD,EQ,28-APR-2016,1997.1,1975.15,2029.75,1975.15,2005,2005.15,0,246,493916.2,0,0,0
SUNDARAM,EQ,28-APR-2016,2.55,2.6,2.65,2.5,2.6,2.55,0,40324,102229.8,0,0,0
SUNDARMFIN,EQ,28-APR-2016,1283.85,1294.85,1294.85,1261.05,1269.95,1266.2,0,9719,12370781.85,0,0,0
SUNDRMBRAK,EQ,28-APR-2016,251.45,254,254,250,250,250.6,0,796,199215.85,0,0,0
SUNDRMFAST,EQ,28-APR-2016,167.35,166.4,167,160.6,163.55,164.7,0,69005,11312974.75,0,0,0
SUNFLAG,EQ,28-APR-2016,24.3,24.5,24.55,23.5,23.7,23.7,0,55561,1336681.7,0,0,0
SUNILHITEC,EQ,28-APR-2016,227.65,228,232,222.35,223.1,222.95,0,25535,5785561.6,0,0,0
SUNPHARMA,EQ,28-APR-2016,813.95,819,819,800,803.4,801.95,0,4828596,3895190794.7,0,0,0
SUNTECK,EQ,28-APR-2016,215.4,215.5,229.4,212.4,214.5,214,0,44740,9816992.4,0,0,0
SUNTV,EQ,28-APR-2016,356.45,357.4,359.6,352.65,357,355.1,0,408133,145081307.35,0,0,0
SUPERHOUSE,EQ,28-APR-2016,152.4,153,153,147.05,149.5,149.45,0,2053,309785.7,0,0,0
SUPERSPIN,EQ,28-APR-2016,7,7,7.1,6.7,6.85,6.8,0,31448,214033.85,0,0,0
SUPPETRO,EQ,28-APR-2016,154.55,153.9,156.7,150.1,152.15,150.8,0,264661,40580893.35,0,0,0
SUPRAJIT,EQ,28-APR-2016,139.05,139.1,145.5,138.3,143.5,143.4,0,543930,77264990.1,0,0,0
SUPREMEIND,EQ,28-APR-2016,785,797.5,797.5,779.95,784,783,0,115399,90659340.65,0,0,0
SUPREMEINF,EQ,28-APR-2016,107.55,107.85,111.5,104.05,104.95,105.3,0,45427,4894440.8,0,0,0
SUPREMETEX,EQ,28-APR-2016,3.3,3.3,3.45,3.2,3.45,3.45,0,19190,64993.6,0,0,0
SURANACORP,BE,28-APR-2016,1.35,1.3,1.35,1.3,1.3,1.3,0,3425,4600.3,0,0,0
SURANAIND,EQ,28-APR-2016,6.8,7.3,7.3,6.75,6.9,6.9,0,39240,275134.15,0,0,0
SURANASOL,EQ,28-APR-2016,22.65,22.8,23,22.2,22.3,22.35,0,15426,346771.7,0,0,0
SURANAT&P,EQ,28-APR-2016,5,5.05,5.2,5.05,5.05,5.05,0,2441,12410.55,0,0,0
SURYAJYOTI,EQ,28-APR-2016,8.45,8.35,8.45,8,8,8,0,4783,39603.85,0,0,0
SURYALAXMI,EQ,28-APR-2016,140.4,140.15,143.8,137.5,139,139.25,0,104265,14699801.05,0,0,0
SURYAROSNI,EQ,28-APR-2016,155.05,154.9,156.3,148.9,149.5,149.4,0,127678,19321305.25,0,0,0
SUTLEJTEX,EQ,28-APR-2016,498.25,500,500,485.55,490,487.75,0,2171,1077747.9,0,0,0
SUVEN,EQ,28-APR-2016,217.9,218.1,221.35,213,215.9,214.95,0,385328,83876075.85,0,0,0
SUZLON,EQ,28-APR-2016,14.35,14.65,15.1,14.1,14.25,14.2,0,39975980,581244848.4,0,0,0
SVOGL,BE,28-APR-2016,4.45,4.35,4.6,4.35,4.5,4.45,0,55246,247343.95,0,0,0
SWANENERGY,EQ,28-APR-2016,60.2,60.65,60.65,59.7,60,60.15,0,319478,19285101.85,0,0,0
SWARAJENG,EQ,28-APR-2016,1160,1150,1162.95,1090,1102,1106.05,0,16372,18457807,0,0,0
SWELECTES,EQ,28-APR-2016,409.9,405,413,400,401.1,408.85,0,11074,4500540.3,0,0,0
SYMPHONY,EQ,28-APR-2016,2445.05,2446.05,2469.75,2388.95,2395,2398.25,0,11868,28760643.5,0,0,0
SYNCOM,EQ,28-APR-2016,6.7,6.7,6.85,6.6,6.6,6.65,0,95210,638061.7,0,0,0
SYNDIBANK,EQ,28-APR-2016,70.15,70.45,70.8,69.25,69.25,69.45,0,1854439,129360809.7,0,0,0
SYNGENE,EQ,28-APR-2016,388.55,389.9,398,387.15,388,391.05,0,364855,143547561.05,0,0,0
TAINWALCHM,EQ,28-APR-2016,38.35,38.1,38.3,38.1,38.3,38.3,0,400,15260,0,0,0
TAJGVK,EQ,28-APR-2016,83.1,82.8,84.4,81.55,82.3,82.5,0,11912,990582.55,0,0,0
TAKE,EQ,28-APR-2016,136.4,137.3,139.1,131,132.5,132.1,0,386316,51796310.05,0,0,0
TALBROAUTO,EQ,28-APR-2016,109,114,114,108.7,111,111.55,0,124875,13939622.95,0,0,0
TALWALKARS,EQ,28-APR-2016,212.25,212.75,216.8,206,208.4,207.65,0,156041,33212052.4,0,0,0
TANLA,EQ,28-APR-2016,38.8,38.85,39.1,37.5,38.4,38.05,0,213136,8161098.6,0,0,0
TANTIACONS,EQ,28-APR-2016,18,18,18.5,17.85,17.85,17.85,0,4781,86759.4,0,0,0
TARAJEWELS,EQ,28-APR-2016,43.75,43.1,44.4,42.2,42.5,42.65,0,46816,2009657.8,0,0,0
TARAPUR,EQ,28-APR-2016,5.35,5.15,5.55,5.15,5.45,5.45,0,4251,23137.9,0,0,0
TARMAT,EQ,28-APR-2016,29.9,29.9,35.85,29.9,35.85,35.85,0,64774,2280199.1,0,0,0
TATACHEM,EQ,28-APR-2016,418.2,418.25,420.55,400.55,409,406.6,0,584792,240542535.85,0,0,0
TATACOFFEE,EQ,28-APR-2016,94.25,93.7,94.05,91.55,92,91.9,0,322349,29829751.3,0,0,0
TATACOMM,EQ,28-APR-2016,419.3,419.85,424.7,410.05,412,411.95,0,299959,124630787.8,0,0,0
TATAELXSI,EQ,28-APR-2016,2041.25,2046,2064,1893.3,1907.95,1911.1,0,1847158,3649270536.1,0,0,0
TATAGLOBAL,EQ,28-APR-2016,122.4,122.5,123.5,120,120.4,120.3,0,2142054,258718183.4,0,0,0
TATAINVEST,EQ,28-APR-2016,501.85,501.6,504,499,499.95,500,0,6514,3256133.7,0,0,0
TATAMETALI,EQ,28-APR-2016,112.65,113,116.5,112.1,113.25,112.9,0,226124,25864338.9,0,0,0
TATAMOTORS,EQ,28-APR-2016,418.55,418.8,420.95,409.7,410.45,411.35,0,7546101,3122376408.4,0,0,0
TATAMTRDVR,EQ,28-APR-2016,304.3,305.9,307.2,300.2,300.8,301.85,0,1501711,455295695.7,0,0,0
TATAPOWER,EQ,28-APR-2016,70.75,70.95,71.05,68.85,68.9,69.25,0,4533595,315986197.2,0,0,0
TATASPONGE,EQ,28-APR-2016,546.65,548.8,556.4,543.75,552,549.35,0,283370,156061840.75,0,0,0
TATASTEEL,EQ,28-APR-2016,356.75,357,362,346.15,347.65,347.6,0,10079174,3564318696.35,0,0,0
TBZ,EQ,28-APR-2016,73.7,74.5,75.9,71,72.8,71.95,0,1013022,74504651.35,0,0,0
TCFSL,N8,28-APR-2016,1109.41,1090,1090,1090,1090,1090,0,30,32700,0,0,0
TCI,EQ,28-APR-2016,270.2,270.5,272.4,268,269.7,268.15,0,11946,3214898.25,0,0,0
TCIDEVELOP,EQ,28-APR-2016,353.3,353.3,355.2,323.7,348.4,331.95,0,203,69007.45,0,0,0
TCIFINANCE,EQ,28-APR-2016,20.35,20.5,20.9,20,20.05,20.1,0,19675,397089.25,0,0,0
TCS,EQ,28-APR-2016,2511.1,2501.3,2540,2498.1,2527,2527.75,0,2496372,6306021297.4,0,0,0
TDPOWERSYS,EQ,28-APR-2016,237.6,233.1,240,233.1,235.65,236.4,0,4284,1020292,0,0,0
TEAMLEASE,EQ,28-APR-2016,960.2,946.55,970,936,936,941.2,0,11837,11275368.55,0,0,0
TECHIN,EQ,28-APR-2016,3.3,3.3,3.45,3.3,3.45,3.45,0,5063,16708.65,0,0,0
TECHM,EQ,28-APR-2016,479.25,480,483.8,468.2,479.35,480.15,0,4152895,1985382331.25,0,0,0
TECHNO,EQ,28-APR-2016,513.4,529.7,529.7,509,510.2,511,0,106816,54796367.55,0,0,0
TECHNOFAB,EQ,28-APR-2016,151.9,153.8,153.8,149,150,149.85,0,4456,667079.45,0,0,0
TEXINFRA,EQ,28-APR-2016,31.1,31.1,31.45,30.7,30.85,30.75,0,31617,978640.95,0,0,0
TEXMOPIPES,EQ,28-APR-2016,33,32.15,35.4,30.5,33.9,34.1,0,1972124,65919848.75,0,0,0
TEXRAIL,EQ,28-APR-2016,113.5,113.95,115.75,108.75,111,110.1,0,275899,30661967.8,0,0,0
TFCILTD,EQ,28-APR-2016,45.25,45.5,46.4,44.9,45.2,45.15,0,332978,15210217.2,0,0,0
TFL,EQ,28-APR-2016,9.2,8.75,9.25,8.75,8.9,9.1,0,1542,13901.7,0,0,0
TGBHOTELS,EQ,28-APR-2016,77,77,79,74.55,74.65,74.85,0,10513,800498.8,0,0,0
THANGAMAYL,EQ,28-APR-2016,212.6,221,221,195,204,203.75,0,12618,2545885.5,0,0,0
THEMISMED,EQ,28-APR-2016,410.35,411.05,414.95,400.15,403.1,403.1,0,791,320938.85,0,0,0
THERMAX,EQ,28-APR-2016,776.55,779.85,786,765,778,776.55,0,9207,7128464.2,0,0,0
THIRUSUGAR,EQ,28-APR-2016,60.5,62.25,62.25,58.05,58.1,58.45,0,6967,409907.35,0,0,0
THOMASCOOK,EQ,28-APR-2016,188.3,189.05,190.7,182,184.45,183.9,0,78680,14664151.55,0,0,0
TI,EQ,28-APR-2016,17.4,17.5,18,17.35,17.4,17.4,0,142886,2529961.95,0,0,0
TIDEWATER,EQ,28-APR-2016,6285.95,6299,6320.5,6221,6238,6233.4,0,2004,12543736.8,0,0,0
TIIL,EQ,28-APR-2016,215.2,215.05,216,208.95,215.95,212.9,0,9809,2086557.25,0,0,0
TIJARIA,EQ,28-APR-2016,5.7,6.25,6.25,5.95,6.05,6.05,0,26037,161688.75,0,0,0
TIL,EQ,28-APR-2016,324.3,317,335,317,326,323.55,0,25285,8269406.45,0,0,0
TIMESGTY,EQ,28-APR-2016,19.15,19,19,19,19,19,0,50,950,0,0,0
TIMETECHNO,EQ,28-APR-2016,49.5,50.1,50.1,48.15,48.45,48.4,0,73494,3575967.75,0,0,0
TIMKEN,EQ,28-APR-2016,529.6,527,532.85,515,517,519,0,12156,6309404.8,0,0,0
TINPLATE,EQ,28-APR-2016,75.75,76,76.75,73.35,73.8,73.65,0,217442,16230240.55,0,0,0
TIPSINDLTD,EQ,28-APR-2016,70.05,71.3,71.3,66.5,70,69.95,0,9393,652711.9,0,0,0
TIRUMALCHM,EQ,28-APR-2016,216.1,215,217.85,209.5,210.8,210.7,0,20303,4322395.7,0,0,0
TITAN,EQ,28-APR-2016,371.5,371.5,372.9,366.1,367.5,369.55,0,1902333,704694360.05,0,0,0
TNPETRO,EQ,28-APR-2016,23.45,23.55,23.9,22.55,23.3,23,0,141932,3298734.7,0,0,0
TNPL,EQ,28-APR-2016,236.95,238.9,239.15,229,230.5,231.35,0,107995,25276950.7,0,0,0
TNTELE,BE,28-APR-2016,2.85,2.75,2.75,2.75,2.75,2.75,0,310,852.5,0,0,0
TOKYOPLAST,EQ,28-APR-2016,49.65,51.8,51.9,48.35,50.5,49.85,0,8176,413073.35,0,0,0
TORNTPHARM,EQ,28-APR-2016,1442.85,1436,1449.9,1412.4,1420,1419,0,113277,162113429.2,0,0,0
TORNTPOWER,EQ,28-APR-2016,237.75,237.95,238,228.7,230.8,231,0,200936,46840043.6,0,0,0
TPLPLASTEH,EQ,28-APR-2016,334.1,320.1,334.85,320.1,320.25,328.25,0,4327,1411315.75,0,0,0
TREEHOUSE,EQ,28-APR-2016,81.95,82.7,82.7,80,80.2,80.15,0,88537,7153119.9,0,0,0
TRENT,EQ,28-APR-2016,1644.9,1645,1689.9,1626,1680,1663.5,0,1863,3093190.85,0,0,0
TRF,EQ,28-APR-2016,297,296.95,302.85,291,293.45,292.15,0,23013,6817630.85,0,0,0
TRICOM,EQ,28-APR-2016,2.2,2.3,2.3,2.1,2.25,2.25,0,4010,8530,0,0,0
TRIDENT,EQ,28-APR-2016,53.85,53.9,54.4,52.8,53.5,53.2,0,330256,17762313.85,0,0,0
TRIGYN,EQ,28-APR-2016,83.8,84.5,85.9,81.05,82,81.9,0,285061,23958798.7,0,0,0
TRIL,EQ,28-APR-2016,333.05,331,335,317,320,320.7,0,33780,10982297.4,0,0,0
TRITURBINE,EQ,28-APR-2016,108.3,107.95,108,105,106.3,105.7,0,63014,6703743.8,0,0,0
TRIVENI,EQ,28-APR-2016,53.35,53.55,53.55,51.3,51.7,51.9,0,859541,44912775.3,0,0,0
TTKHLTCARE,EQ,28-APR-2016,970.85,961.05,975,951.05,975,970.15,0,222,215091.45,0,0,0
TTKPRESTIG,EQ,28-APR-2016,4533.5,4540.6,4646,4470,4472,4487.15,0,2986,13558407.8,0,0,0
TTL,EQ,28-APR-2016,53.2,53.5,53.9,52.3,53.75,53.55,0,5201,278550.3,0,0,0
TTML,EQ,28-APR-2016,7.25,7.2,7.35,6.75,6.9,6.85,0,2960614,20911277.05,0,0,0
TUBEINVEST,EQ,28-APR-2016,406.75,409.95,412,405.25,408,409.25,0,60939,24876774.45,0,0,0
TULSI,EQ,28-APR-2016,3.25,2.95,3.3,2.95,3.05,3.05,0,6566,20073.05,0,0,0
TV18BRDCST,EQ,28-APR-2016,40,39.7,40.4,38.55,38.7,38.75,0,7223908,281910295.6,0,0,0
TVSELECT,EQ,28-APR-2016,109.75,110.25,111.25,105.5,106.5,106.25,0,81618,8841440.25,0,0,0
TVSMOTOR,EQ,28-APR-2016,327.85,329,329.4,317.75,320.1,318.7,0,1691417,544227636.55,0,0,0
TVSSRICHAK,EQ,28-APR-2016,2291.25,2313,2329.45,2270.2,2275.3,2276,0,3486,7982019,0,0,0
TVTODAY,EQ,28-APR-2016,320.8,322,328.25,317.05,320.1,319.55,0,119804,38687548.05,0,0,0
TWL,EQ,28-APR-2016,100.7,100.7,102.8,98.1,98.1,98.55,0,755650,75879294,0,0,0
UBHOLDINGS,EQ,28-APR-2016,19.95,20.3,20.35,19.75,20.05,19.85,0,93868,1880363.75,0,0,0
UBL,EQ,28-APR-2016,757.9,755,787.45,753.05,760.25,764.05,0,512894,395053278.6,0,0,0
UCALFUEL,EQ,28-APR-2016,108.85,109.95,110,105.2,107.25,107.15,0,14175,1532367.8,0,0,0
UCOBANK,EQ,28-APR-2016,40,39.9,41.6,39.75,40.25,40.45,0,7002669,283429945.3,0,0,0
UFLEX,EQ,28-APR-2016,180.7,180.25,181.5,176.65,178.05,178.25,0,98190,17581135.85,0,0,0
UFO,EQ,28-APR-2016,532.4,522.5,529.95,503,509,509.95,0,37611,19311109.45,0,0,0
UGARSUGAR,EQ,28-APR-2016,23.75,24.1,24.1,21.7,22.3,22.1,0,140175,3167675.05,0,0,0
UJAAS,EQ,28-APR-2016,23.75,23.6,23.95,23.15,23.15,23.25,0,218009,5146432.1,0,0,0
ULTRACEMCO,EQ,28-APR-2016,3191.8,3203.9,3228.15,3152.45,3168,3169.25,0,352944,1123402039.2,0,0,0
UMANGDAIRY,EQ,28-APR-2016,71.45,70.25,72.5,70.25,71.6,70.45,0,8803,622987.25,0,0,0
UMESLTD,EQ,28-APR-2016,2.35,2.45,2.45,2.45,2.45,2.45,0,1020,2499,0,0,0
UNICHEMLAB,EQ,28-APR-2016,249.6,252,256,248.1,249.05,249,0,123156,31129306.75,0,0,0
UNIENTER,EQ,28-APR-2016,37.2,37.2,37.8,36.05,37.5,37.5,0,2262,85311.8,0,0,0
UNIONBANK,EQ,28-APR-2016,131.85,131.95,133,128.1,129,128.55,0,4136642,537673655.65,0,0,0
UNIPLY,EQ,28-APR-2016,177.3,177.05,179.3,175,175,175.15,0,4497,792787.65,0,0,0
UNITECH,EQ,28-APR-2016,4.95,4.95,5.05,4.8,4.9,4.9,0,55175646,272552394.9,0,0,0
UNITEDBNK,EQ,28-APR-2016,19.95,20,20.2,19.8,19.85,19.85,0,141076,2818986.35,0,0,0
UNITEDTEA,EQ,28-APR-2016,496.75,487.5,509.4,487.5,492,492,0,255,126378.85,0,0,0
UNITY,EQ,28-APR-2016,11.5,11.45,11.55,11.2,11.2,11.25,0,80827,917863.8,0,0,0
UNIVCABLES,EQ,28-APR-2016,82.25,80.05,82,80,82,82,0,1294,105788.6,0,0,0
UPERGANGES,EQ,28-APR-2016,122.6,119.3,125.5,113,113.75,113.8,0,28887,3359106.85,0,0,0
UPL,EQ,28-APR-2016,514.95,514,522,510.9,516.15,516.95,0,1813795,937667791.9,0,0,0
USHAMART,EQ,28-APR-2016,15.05,15.3,15.4,14.3,14.85,14.85,0,1389576,20447744.1,0,0,0
USHERAGRO,EQ,28-APR-2016,34.3,34.4,35,33.65,33.8,33.8,0,29398,1006281.7,0,0,0
UTINIFTETF,EQ,28-APR-2016,805,796.5,796.5,792.75,793.6,793.98,0,527,418480.1,0,0,0
UTISENSETF,EQ,28-APR-2016,263.05,263.1,263.1,263.1,263.1,263.1,0,1,263.1,0,0,0
UTTAMSTL,EQ,28-APR-2016,32.9,33.45,33.45,31.25,31.85,31.65,0,194652,6276095.75,0,0,0
UTTAMSUGAR,EQ,28-APR-2016,52.3,52.25,52.75,48.25,48.7,48.85,0,155687,7860076.9,0,0,0
V2RETAIL,EQ,28-APR-2016,52.1,51.85,52.95,50.8,51.35,51.45,0,36067,1857095.8,0,0,0
VADILALIND,EQ,28-APR-2016,745.1,747.95,752.55,713.8,730.1,724.95,0,130309,95596373.9,0,0,0
VAIBHAVGBL,EQ,28-APR-2016,308.9,313.45,313.45,307.05,311,310.55,0,8051,2502205.6,0,0,0
VAKRANGEE,EQ,28-APR-2016,196.85,196.95,198.65,189,195.15,195.9,0,919805,180840687.95,0,0,0
VALECHAENG,EQ,28-APR-2016,30.25,30.25,31.45,30,30.3,30.2,0,42930,1320850.75,0,0,0
VALUEIND,EQ,28-APR-2016,14.25,14.1,14.3,13.8,14.3,14.05,0,2838,39907.7,0,0,0
VARDHACRLC,EQ,28-APR-2016,34.3,33.9,34.65,33.25,34.4,34.05,0,13375,456285.65,0,0,0
VARDMNPOLY,EQ,28-APR-2016,43.25,43.65,43.7,41.6,42.85,42.65,0,5636,239300.95,0,0,0
VASCONEQ,EQ,28-APR-2016,27.25,27.4,28.8,27.1,27.4,27.45,0,702511,19693907.1,0,0,0
VASWANI,EQ,28-APR-2016,8.65,8.3,9,8.25,8.25,8.3,0,23249,197942.95,0,0,0
VEDL,EQ,28-APR-2016,104.85,104.35,105.3,99.15,100.75,99.8,0,20809274,2119006287.45,0,0,0
VENKEYS,EQ,28-APR-2016,393.75,393.85,397.5,390,395,391.85,0,13100,5144673.65,0,0,0
VENUSREM,EQ,28-APR-2016,91,91.45,91.75,89.1,89.5,89.4,0,24826,2243070.3,0,0,0
VESUVIUS,EQ,28-APR-2016,751.9,763,775,752.5,762,760.2,0,1504,1144379.1,0,0,0
VETO,EQ,28-APR-2016,96.15,96.45,99.4,95,96,95.45,0,148606,14435043.2,0,0,0
VGUARD,EQ,28-APR-2016,964.5,960,974.05,955,955.3,956.55,0,3130,3014549.15,0,0,0
VICEROY,EQ,28-APR-2016,16.65,16.9,17,16.35,16.5,16.5,0,52448,869945.8,0,0,0
VIDEOIND,EQ,28-APR-2016,106.95,107.1,107.5,106.4,106.65,106.7,0,68287,7299828.15,0,0,0
VIDHIDYE,EQ,28-APR-2016,67.55,67.8,67.8,64,66.35,65.05,0,15329,1008872.4,0,0,0
VIJAYABANK,EQ,28-APR-2016,31.95,32.1,32.35,31.8,32.25,32.1,0,276943,8856052.95,0,0,0
VIJSHAN,EQ,28-APR-2016,9.7,9.6,9.65,9.35,9.6,9.45,0,3218,30512.55,0,0,0
VIKASECO,EQ,28-APR-2016,18.6,18.6,20.9,18,18.45,19,0,4726183,93021459.55,0,0,0
VIMALOIL,EQ,28-APR-2016,46.85,47.5,48.5,46.2,47.95,47.95,0,2813,132720,0,0,0
VIMTALABS,EQ,28-APR-2016,79.35,78.8,79.7,76.5,77.75,77.2,0,19000,1481588.2,0,0,0
VINATIORGA,EQ,28-APR-2016,460.05,460.5,463,450.15,458,452.8,0,14253,6522967.2,0,0,0
VINDHYATEL,EQ,28-APR-2016,695.55,690,703,685,693.8,688.75,0,3629,2502664.85,0,0,0
VINYLINDIA,EQ,28-APR-2016,60.1,59.9,60.75,58,58.2,58.3,0,17381,1033560.3,0,0,0
VIPIND,EQ,28-APR-2016,119.1,119.95,121.4,114.5,115.5,115.25,0,752609,88978007.65,0,0,0
VIPULLTD,EQ,28-APR-2016,52.2,52.45,52.6,52.25,52.6,52.5,0,341837,17917386.2,0,0,0
VISAKAIND,EQ,28-APR-2016,118.8,119.95,122,116.7,117.3,117.75,0,28764,3442116,0,0,0
VISASTEEL,EQ,28-APR-2016,14.85,14.85,15.25,14.3,14.75,14.75,0,34087,506831.25,0,0,0
VISESHINFO,EQ,28-APR-2016,0.1,0.1,0.1,0.05,0.1,0.1,0,1072273,93659,0,0,0
VISHNU,EQ,28-APR-2016,297.35,295.2,300.95,290,290.1,290.95,0,1814,531931.8,0,0,0
VISUINTL,EQ,28-APR-2016,0.95,0.9,0.9,0.9,0.9,0.9,0,600,540,0,0,0
VIVIDHA,EQ,28-APR-2016,8.7,8.3,8.3,8.3,8.3,8.3,0,174317,1446831.1,0,0,0
VIVIMEDLAB,EQ,28-APR-2016,89.65,89.7,90,86.65,87.25,86.95,0,166455,14777698.95,0,0,0
VKSPL,EQ,28-APR-2016,0.05,0.05,0.05,0.05,0.05,0.05,0,540,27,0,0,0
VLSFINANCE,EQ,28-APR-2016,39.3,39.65,40.4,37.7,37.9,38,0,34425,1317668.45,0,0,0
VMART,EQ,28-APR-2016,551.4,554.95,560,525,530.15,530.75,0,8122,4491963.4,0,0,0
VOLTAMP,EQ,28-APR-2016,813.5,817.85,825,803.6,812.1,812,0,22122,17979175.9,0,0,0
VOLTAS,EQ,28-APR-2016,301.9,302.95,303.55,293.45,295.75,294.7,0,1865698,554645444.5,0,0,0
VRLLOG,EQ,28-APR-2016,421.2,418.5,424.2,405,408.95,407.45,0,65496,27065160.15,0,0,0
VSSL,EQ,28-APR-2016,56,57,58,54.15,57.05,57.05,0,12111,689477.3,0,0,0
VSTIND,EQ,28-APR-2016,1659.65,1660,1690,1650.1,1654,1654.25,0,1462,2425706.45,0,0,0
VSTTILLERS,EQ,28-APR-2016,1800.3,1795,1799.95,1772.4,1795,1791.45,0,1464,2618937.25,0,0,0
VTL,EQ,28-APR-2016,869.65,872.1,899.9,870.05,885.5,885.95,0,19922,17702137.2,0,0,0
WABAG,EQ,28-APR-2016,576.1,577.8,587,570.8,575,574.5,0,69542,40250606.75,0,0,0
WABCOINDIA,EQ,28-APR-2016,5812.8,5851.95,5940,5666,5680.1,5699.45,0,4076,23500182,0,0,0
WALCHANNAG,EQ,28-APR-2016,149.6,149.5,150.95,145.1,146.65,146.25,0,99212,14712785,0,0,0
WANBURY,BE,28-APR-2016,51.2,53.45,53.45,51,53,53.2,0,3891,205028.6,0,0,0
WEBELSOLAR,EQ,28-APR-2016,51,51,52.8,50.5,50.75,51.3,0,20274,1049398.1,0,0,0
WEIZFOREX,EQ,28-APR-2016,184.7,181.25,191.45,181,181.05,183.25,0,31294,5778956.4,0,0,0
WEIZMANIND,EQ,28-APR-2016,20.5,20.1,20.1,20.1,20.1,20.1,0,1,20.1,0,0,0
WELCORP,EQ,28-APR-2016,112.45,112.5,113.05,107.5,108.5,108.3,0,308936,33931235.15,0,0,0
WELENT,EQ,28-APR-2016,64.15,63,64.95,62.05,62.65,62.55,0,82459,5208596.85,0,0,0
WELINV,EQ,28-APR-2016,58.25,56.05,56.5,56.05,56.5,56.5,0,525,29662.05,0,0,0
WELSPUNIND,EQ,28-APR-2016,100.25,100,101.8,98.05,98.1,98.7,0,768902,76791470.15,0,0,0
WENDT,EQ,28-APR-2016,1927.5,1945,1945,1900,1927.2,1924.85,0,45,86298.85,0,0,0
WHEELS,EQ,28-APR-2016,948.9,957,957,940,946.65,943.1,0,508,481037.45,0,0,0
WHIRLPOOL,EQ,28-APR-2016,741.3,745.7,750.9,736,737.05,738.95,0,87595,65144555.45,0,0,0
WILLAMAGOR,EQ,28-APR-2016,60.4,61,61,59.5,60.5,59.55,0,2822,169329.7,0,0,0
WINDMACHIN,EQ,28-APR-2016,35.8,35.85,36.7,35,35.85,35.5,0,9432,336210.1,0,0,0
WINSOME,BE,28-APR-2016,2.6,2.65,2.65,2.65,2.65,2.65,0,75903,201142.95,0,0,0
WIPRO,EQ,28-APR-2016,560,559.5,564,551,553.5,553.1,0,2719843,1511073106.65,0,0,0
WOCKPHARMA,EQ,28-APR-2016,1028.85,1032,1034.8,993.15,999.8,997.9,0,716394,725557941.85,0,0,0
WONDERLA,EQ,28-APR-2016,386.85,388.95,389.05,380.05,381,380.75,0,26409,10132729.3,0,0,0
WSI,EQ,28-APR-2016,8,8,8.3,7.85,7.85,7.85,0,1240,9974.5,0,0,0
WSTCSTPAPR,EQ,28-APR-2016,76.3,76.95,77,73.1,73.55,73.45,0,129493,9709190.25,0,0,0
XCHANGING,EQ,28-APR-2016,54.9,54.45,55,52.5,52.55,53.45,0,12849,696093.85,0,0,0
XLENERGY,EQ,28-APR-2016,2.8,2.8,2.8,2.8,2.8,2.8,0,500,1400,0,0,0
XPROINDIA,EQ,28-APR-2016,44,44.95,46.75,41.4,43.5,43.5,0,11950,525133.5,0,0,0
YESBANK,EQ,28-APR-2016,915.5,916.35,951.7,916,949,945.55,0,13347143,12555199986.6,0,0,0
ZANDUREALT,EQ,28-APR-2016,1420.05,1423.55,1484.9,1419,1419,1422.5,0,10914,15806353,0,0,0
ZEEL,EQ,28-APR-2016,407.85,409,410.25,401.7,404.2,405,0,2736668,1111944657,0,0,0
ZEEL,P2,28-APR-2016,8.65,8.65,8.8,8.65,8.75,8.75,0,2088857,18327959.75,0,0,0
ZEELEARN,EQ,28-APR-2016,29.95,29.9,29.9,29.55,29.75,29.7,0,42823,1273012.2,0,0,0
ZEEMEDIA,EQ,28-APR-2016,19.05,19,19.05,18.55,18.75,18.7,0,365079,6857757.1,0,0,0
ZENITHBIR,EQ,28-APR-2016,0.65,0.65,0.7,0.65,0.7,0.7,0,10302,6711.3,0,0,0
ZENSARTECH,EQ,28-APR-2016,975.2,978.55,982.8,967.05,975,975.15,0,103768,101230078.65,0,0,0
ZENTEC,EQ,28-APR-2016,82.85,83.55,84.2,79.7,80.6,80.2,0,73882,6016415.85,0,0,0
ZICOM,EQ,28-APR-2016,78.95,80.6,80.6,77.6,78.05,77.95,0,70051,5546633.35,0,0,0
ZODIACLOTH,EQ,28-APR-2016,227.4,226,226,216,223.95,221.8,0,212,47402.65,0,0,0
ZODJRDMKJ,EQ,28-APR-2016,34.9,35.95,36,33.2,33.2,33.2,0,101,3630.7,0,0,0
ZUARI,EQ,28-APR-2016,173.9,173.85,175,172.55,174.3,173.85,0,15846,2749755.55,0,0,0
ZUARIGLOB,EQ,28-APR-2016,97.6,99.85,99.85,96.25,99,98.45,0,5673,555676.75,0,0,0
ZYDUSWELL,EQ,28-APR-2016,744.15,740.1,758,740,753,748,0,2627,1963155.95,0,0,0
ZYLOG,BE,28-APR-2016,3.45,3.6,3.6,3.6,3.6,3.6,0,33459,120452.4,0,0,0